16.8115720457391
16.9673110795931
16.8397055413456
16.7522853725239
16.844851776094
17.2342037460783
17.2629733938385
17.0178306244507
17.3760853956807
17.4480737751035
17.7355961375405
17.7004129115584
17.471677271526
17.5959854577584
17.7138639419929
17.6805760199126
17.4618074866087
17.6303024207154
17.4114491622501
17.8909839067126
17.5069124671631
17.4855658610467
17.7184104928186
17.6524124533882
17.3756041302094
17.4139962472248
17.2541609470733
17.6398903821905
17.0569026769963
17.1225897232741
17.4022067240568
16.9638456484734
16.9730711146065
17.1444838526033
17.0010902502918
16.869329995738
16.6556162674078
16.8210308588415
16.6155368254021
16.8062333498371
16.7624257656206
16.7070395611755
16.8093095178232
16.8438299902923
16.6729918290864
16.6381368283194
16.7363444169628
16.4173082906091
16.4546396158954
16.3466088502765
16.5942819840372
16.2095630164822
16.6901153276315
16.2219786198519
16.2423442097406
16.2581345116335
16.5832876393576
16.3611513206165
16.2704280948821
16.0355422030658
16.1548542823272
15.9638738751666
16.125149004562
15.7993203915945
15.9169218208101
15.7870888751046
16.0467934081635
15.8328282230826
15.8254536289403
15.8921040941571
16.000878960137
15.7827979936152
15.7279190736234
15.7562264228623
15.8299815194171
15.6808571094354
15.623609498574
15.8033255612683
15.933473981167
15.5072053163867
15.3429946127522
16.0524337053624
15.4584710465828
15.0644416747253
15.6894422087684
15.3078458723182
15.5792246449831
15.3290773024684
15.3015225515701
15.0474602346746
15.3347327026264
15.2227649546149
15.3539785068799
15.1236809076714
15.1164591937978
15.3338220097582
15.2546328246099
15.1708235331952
15.1941248666552
14.8566749868109
15.1762591957117
15.1911406574625
15.0541600026199
15.0251937746339
14.6427207240057
14.8106787867644
15.011911054991
15.0693275061052
15.2064843300426
15.0422699952229
14.7962597673112
14.7057686071715
14.4770433707244
14.958764935582
14.9800131153219
14.6429618489682
15.0341032454272
14.7995557192892
14.6963235563418
14.7672826206465
14.6462363855309
14.6344368838894
14.6332676629294
14.6956009968585
14.8950502500719
14.4876410841168
14.4005175615692
14.585829517691
14.7672622680502
14.2363830520185
14.3749301407181
14.2329684238337
14.2133109479414
14.1338152601927
14.7782675200404
14.6678634793802
14.8846016344803
14.6012669812795
14.1098802488441
14.4531183563523
14.2481505245475
14.1764953343181
14.4420908512431
14.0817144306577
14.1073703558259
14.1516736788961
14.0608481367382
14.1605324718796
14.302218704008
14.0982734326997
14.1655100015401
13.7903617640966
14.1005251147262
14.5119236330794
14.0898928804478
14.3236402866315
14.0070022139762
14.4800128966442
14.0102254785041
13.9298271504434
14.2875866631427
14.3348647837128
14.0271486841625
13.7169217734699
13.97440396814
14.154682661271
13.997997037365
13.753142598379
13.9467685721968
14.0507866997314
13.8292026865117
13.8648090780159
13.7970151927774
13.7202424054808
13.8601817861627
14.0145342096081
14.0486354923755
13.8496098491291
13.7060028702779
14.0779571303415
13.8571569222277
13.5191543620402
13.4684934992549
13.3368035666762
13.4730096276699
13.7655661035205
13.3243529494166
13.6643848113886
13.557294870995
13.62119988175
13.4065749830234
13.544430469561
13.7583047505294
13.9746945220534
13.4462374193871
13.8237099623347
13.205000377104
13.6390683193028
13.5719370021129
13.5704421353683
13.7158991849738
13.5770154589396
13.7765170871662
13.4276620313116
13.3626485343741
13.502913552268
13.5705456374532
13.5384314444786
13.5895895394899
13.443186955921
13.6494685413643
13.387866250883
13.434673948657
13.5961295718285
13.3623507020743
13.425761930016
13.0024436329817
13.283242901224
13.2470304787543
13.5166286013066
12.9454565361075
13.12324637434
13.2588738349022
12.9263293702214
12.9936672976141
13.3264677401087
13.1348430401204
13.2999426392774
13.316755654612
13.5747943422939
13.0079499490318
13.131593804998
13.1396082629342
13.0399953676212
12.7616741721319
12.7081812465035
13.0239997088727
13.1183454534279
12.7926457418014
12.930033246943
13.3480389984876
12.759438894348
12.5965275280924
13.034232603169
12.7908428270617
13.1399360687194
13.0154040750839
13.0446438691245
12.7862530174652
12.7976812633158
12.7488915770884
12.9310941532126
13.1765419940178
13.0015814682377
13.1004767877007
12.8658603450764
13.0481125735003
12.9455303990388
13.1468653942923
13.1391513632764
12.5407072598581
13.0486655129433
12.7197342922511
12.8890774524207
12.8196059995303
12.5945522454593
12.7096793325552
12.3876304098516
12.5795951361197
12.7712243488796
12.7247175849613
12.9459526617599
12.762108493728
12.5194345561518
12.377744975142
12.7790964379539
12.5203937870288
12.421507439216
12.8053105024718
12.7170519263921
12.7637342858116
12.7565495882162
13.3631729537303
13.2341820004666
13.6184013385357
13.617435158708
13.8504958238977
13.9877135080526
14.3579046485337
14.2645922257255
14.4436572960372
14.4659966523445
14.5542212656205
14.9123267258687
14.9183986254087
14.841279270239
15.2472732099535
14.9747606514991
14.9459130456618
15.5090746835526
15.4237174946104
15.5130091606945
15.5800351033606
15.536536178385
15.1796343673355
15.3671126737055
15.3848161593229
15.4702280688842
15.4187461858036
15.4165859367261
15.676726510275
15.3291492344177
15.7069156830607
15.440191618648
15.3950982525625
15.475156286666
15.447709424314
15.4974980189722
15.313407520015
15.256153558064
15.0920737211189
15.2230562682672
15.4993647886821
15.2727025205686
15.1794202972653
15.2264512184568
15.3638962350514
15.1079862898074
15.3261576235553
15.4924501831936
15.2885199465555
15.2220794860139
15.1865916213882
14.9981790448358
14.9706065561964
15.0569200192513
15.1755843006243
15.3334200523069
15.31185322904
14.9756581488381
15.4050880183167
14.8325854051055
15.1068442434843
15.022314574535
15.1294111853814
15.16454295293
15.31418252788
14.9957026831998
15.4212037755613
15.0828807686447
15.0515513038139
15.0895669948418
15.087218334088
14.8809260309714
15.1606084999747
15.5199048554082
14.7261323896564
15.1861173918153
14.8048857210479
14.9995453231191
15.0024032838464
14.7052755599063
14.806054189931
14.840743982099
14.280672556261
14.5361952402498
14.7100926939243
14.5623173682645
14.5236696265611
14.2842617529094
14.9349389578834
14.5296927984646
14.6290040292501
14.3422549087255
14.495331431787
14.0525564378843
14.5601064748562
14.0583372603996
14.2394123845135
14.2458718177159
14.4017431848656
14.5641199372243
14.4275691810111
14.3846262875928
14.6870762207064
14.4139299674553
14.6244791838671
14.7522285035944
14.7572776042911
14.4317206949245
14.7023867025117
14.6721180126107
14.5340057049393
14.3964168257808
14.7997307409192
15.0077912672246
14.6564298967292
14.6329191719177
14.9443627655037
14.328582937994
14.6128344546745
14.470940510507
14.8288981400603
14.9092094802003
14.7522632929218
14.4846285398325
14.9409876183691
14.4541262450259
14.5500174787952
14.6628637779857
14.7179513086213
14.5520945942159
14.7222570068933
14.4953378919768
14.3763586298802
14.4775699459979
14.1833705468189
14.3165434653868
14.6979156363456
14.2926928469879
14.6141981203031
14.3191700220536
14.3037664693982
14.6412497814533
14.4332397648537
14.4338452786426
14.2737310297963
14.40210059674
14.545103316914
14.7595978223525
14.0888381010188
14.5253194079763
14.306139694951
14.4940137294652
14.2559638109274
14.1673969385688
14.4243347631725
14.1559812347971
14.5399181548336
14.2128741732568
14.8071120910528
14.5748262664731
14.4266501674358
14.5548254426288
14.3596532081647
14.8036921231069
14.4318937648442
14.2308033645893
14.3383938359001
14.2807662244133
14.0143114796058
14.1302861699142
14.3264856124429
14.4477555774395
14.4541169854746
14.1610667381628
13.8533636417663
14.016291345562
14.0932648319046
14.2287947930439
14.1492212840044
14.0744082524596
14.0997448363065
13.9430715718733
13.9421554342295
14.2583086085083
14.1308477287983
14.1300913132782
14.2909624605762
14.2196133848616
14.1807159296394
14.5924518451486
14.7290072652536
14.790668515148
14.965732358383
14.9034549406039
14.9712737071138
15.0389503137583
14.9805334792282
14.9946232394259
15.2889498035063
15.1790022986482
15.3973418868133
15.355881831956
15.5482031567231
15.3278032722456
15.4685326353916
15.5131368621949
15.5666052741357
15.8489551311877
15.4016185582242
15.9788437698098
15.7555662036728
15.7706484347688
15.5255080522098
15.966037164882
15.9279349610476
15.9034934842394
15.8312952976786
15.8157264464231
15.829140029826
15.7675049946419
15.3669445843506
15.9428985749677
15.7072407002505
15.9080485136265
15.5408628859445
15.6965209177151
15.3389291064906
15.5013643959148
15.746435611383
15.4853445700979
15.5158476300157
15.3355067068501
15.7546050216741
15.1403736846985
15.3893131612075
15.1939702410585
15.4980430688668
15.447127894125
15.2061981601724
15.0483121614345
15.0502259839118
15.3370904908462
15.1564429060741
15.3598329231139
15.1955387667607
15.6658440703495
15.628203296084
15.2647149257275
15.270862726263
15.1514064020918
15.4760152796402
15.4214900976059
15.4121570906607
15.6125061070969
15.0783792793334
15.2554602081717
15.566329556322
15.4530487954508
15.253813323381
15.2632164945098
15.490052291013
15.5941527386988
15.528868608598
15.6012026937882
15.3532058744857
15.3161784867879
15.55564194679
15.2059963224155
15.2727615306411
15.1936933203452
15.167483716429
15.3620482774507
14.886463654487
15.297555299131
14.9388718459547
15.0203464122376
15.1249727211576
15.3220102463099
15.2531168527001
15.2655093554042
15.0602461686378
15.1634738833077
15.1041157025166
15.5715673007838
17.6192048095924
19.8663463571413
21.6779972832899
21.9372350095823
22.1167434915861
21.9529709392228
22.2964838686971
21.8624407408193
22.0295394396131
21.9003648048533
21.84061678194
21.636055145679
21.4287172402387
21.0306383235084
21.1377932166488
21.0093027266274
20.877134477084
20.4970608198528
20.5548023510324
20.6725928722884
20.0460502335786
20.5037444495824
20.6018417531653
19.9648409335293
20.0585917050863
20.3003715066194
19.729867029432
19.78066600923
19.8622788603743
19.7149718472635
19.7780062389035
19.4784576155576
19.6321308821557
19.6816902728881
19.7343876483747
19.6025084357556
19.8275309633721
21.3568020350286
23.6959072356522
24.8443175915038
25.7980324945756
25.9636040927225
26.571977542788
27.1373351715753
27.0356853478024
26.9626430990227
26.5874410936843
26.0195995838608
26.0369530369032
25.4757332357351
25.0271439638346
24.6470343253998
24.0546292278205
24.4743819829624
24.3388475549831
23.7482272102005
23.6342964184672
23.2036148134046
22.9730320885604
22.8868318968752
22.9045393121685
22.5174927096019
22.5522343486173
22.2775980672245
22.2609746039496
21.9584558362299
22.0118517943345
21.9222808012292
21.5978765113304
21.9389511092857
21.6472852689016
21.6835257723057
21.1706326178916
21.4345029114202
21.4439647996136
21.0332892021307
20.9384539803084
20.9074118988113
20.9283178205682
20.6873751994254
20.6320460924844
20.5356074346135
20.6817951553255
20.295103854143
20.1028649138205
20.1877576324618
19.8776520147144
20.1893553356378
19.9846055171468
20.063855572247
20.0221687683421
19.6804786005793
19.8027935139613
19.5026035674451
19.4247429712783
19.5630014993786
19.599877336636
19.53976533595
19.1884468257423
19.2770404337384
19.4479959676491
19.1707033564493
18.8665352335698
19.2699904515126
19.0086238297019
19.1722820167991
18.851049639065
18.8721503606518
18.7178089229979
18.8180183070296
18.8789600329095
19.0520806789204
18.9756911403375
18.7562226464334
18.8629337848682
18.9592033169643
18.51344850887
18.7409844349109
19.1367211804282
19.4138809532193
18.7521753112263
18.7438913659398
18.7741607802223
18.7691784993957
18.337859178464
18.8004512236835
19.0249694563934
18.8390015064707
18.6102527331103
18.857588830911
18.4783861290028
18.745990042765
18.8391458143737
19.2328948337964
19.0238150026746
19.564898123225
20.5649560258869
22.1061016487515
22.5731871345534
23.0348416962089
23.151055775283
23.1369533983965
23.2667865797571
23.1518563202744
22.9119070016188
22.8383285030228
22.5722274283497
22.6013339402142
22.3816102694947
22.7378291907557
22.2541843578557
21.976630260895
21.9654113857682
22.078259080226
21.8954312571386
21.7103023321444
21.6072757953265
22.1318065441201
21.9658496624849
21.765417383324
22.0213643506961
21.8409974521935
22.0964711906476
21.9990972022492
21.981431265452
21.916427684297
21.9518513852453
21.5232721215032
22.0575261564615
21.6563728725237
21.4567001977581
21.909661871144
22.1343773112345
22.2991107017512
22.440607164627
22.4826242477692
22.8274226932997
22.6599368697791
23.1971080015593
23.3670392402628
23.0849710743146
23.0676351043033
22.8458913280092
23.0244381890339
23.1183097770417
24.0258012996944
24.3257827411809
24.2389927962141
24.1310315551232
23.6740073304928
23.6118628083823
23.6853960500914
23.3722891759784
23.5061442714428
23.0411746205551
22.5249885867314
22.4519546089177
22.4143801128386
22.3158582109485
22.3453106368018
22.0776113417182
22.2360727280041
22.0215767646435
21.942459124791
21.7919441994529
21.7694638144174
22.0315841730084
21.736721147118
21.9348207619327
21.4759001353889
21.6546952086441
21.5320144418016
21.3833006585597
21.1619672208344
21.365587088498
21.3630204579417
21.3204752550702
21.2205795438187
20.8692239043502
20.8158187197007
20.666897876597
20.5638869568258
20.6029632914512
20.3303298975913
20.5946689616019
20.4303759629999
20.6457935316307
20.1830085306466
20.2234994773096
20.2043789108689
20.2973426200166
20.1285694472846
20.1103084466635
20.0159597250836
19.7383100216305
20.0924227474564
19.98900378874
19.7335601640337
20.0077358528769
19.6810599633085
19.6816012300738
19.8477261424296
19.8212579676599
19.6271123242254
19.7913069058838
19.9080048154281
19.9576407630535
19.754521008964
20.0380435856001
19.6355558604893
19.618966520582
19.6955185931041
19.5750030686473
19.7157452543735
19.2289771288527
19.7073289109603
19.2095134353967
19.6495003627668
19.6429747426404
19.5379120470276
19.5439943704315
19.2887440388443
19.6293724980778
19.0022978989896
18.9640984563484
19.5493513521162
19.4061099671673
19.1626963182767
19.1327432950144
19.0817573120488
19.4761701908723
18.7919123072107
18.9139080340968
19.1970028302711
19.1560259377713
19.1189898123941
19.1349553879425
18.9755251228844
18.8070666549337
18.7581522443584
18.8635687957314
18.6909470447933
18.542636029974
18.9122717690434
18.8838796349865
19.158084237952
19.7605950174566
20.1800654691054
20.6747268278252
20.7285701910624
20.9140834227936
20.784026142057
20.5724981458979
20.8105789986139
20.8436153562614
20.8022566614627
20.6878061204393
20.416392403316
20.7446728876245
20.4184429252709
20.5648717509633
20.5153228062489
20.5807459674836
20.4546940593252
20.4393638064615
20.0725819992297
20.1322307760117
20.4431275649402
20.2370593226319
20.2181223713675
20.0813921070082
20.1096557338625
19.992189742758
20.0010917668311
20.1299908196541
19.7558292391093
20.0667308258609
20.1188352668708
19.7528828129148
19.7605888154272
19.9255274725949
19.8444595652825
19.4514159233294
19.5852283912881
20.0407174115713
20.0253095828756
19.7014829658063
19.583971414546
19.380754528953
19.228622024044
19.2044266481226
19.5782608571787
19.5140557001196
19.9225886635107
19.9021237963705
20.3335382367992
20.5608522167813
21.10831553819
21.0939912631167
20.9024230590152
21.3925186236359
21.4147379261627
20.9096466500155
21.1373305895979
21.1548470514344
21.0539848848615
21.0666719426918
20.9547808312327
21.1505826897196
20.8980548789177
20.6308465446535
20.7882472183343
20.5327964325535
20.8467080372882
20.8454428451697
20.7319983871356
20.7132076173518
20.4808986965409
20.7212868447964
20.300598897467
20.420279196382
20.50637538059
20.4889357110566
20.7917400445022
21.026522853683
21.2783583489688
21.5301671666475
21.4871856732714
21.3737159489352
21.6061539209008
21.1328994890142
21.2585228262389
20.9964606794513
21.3562961882327
20.9906941381634
20.9372945395946
21.1791265792231
21.000817689153
20.7192329666949
20.5455844268574
20.6908136146802
20.7588137458415
20.8204512001539
20.2959498757494
20.5182751982932
20.7231021824146
20.7155938088441
20.0472615678233
20.3352870985143
20.3144530546604
20.2103923343645
20.4133564394054
20.2857138966473
19.8941451347817
20.2958325284461
20.5182043025754
20.2436077327217
20.0962360507945
20.1326015496335
20.1540646276159
19.891561335875
19.9494672055779
19.6543754712258
20.0285907068842
20.0042203253732
19.6639305509081
19.829071493135
19.586981490006
19.7704269002953
19.8269288236364
19.6797601818001
19.4799849082915
19.4051092216767
19.1893885529045
18.9789481595523
19.3071360853507
19.4870140119837
19.4766263278534
19.5664048893841
19.1726976038208
19.4715145311569
19.2206325743679
19.1722461324452
19.408811369884
18.8850672271262
18.9102973151063
18.7806347700737
18.9846804085452
18.9147546624302
18.7673066087781
18.5555389529985
18.8538504838526
18.5718244172349
18.7033945153691
18.8009768066742
18.6619247214841
18.7431390210135
18.4756116923787
18.5535688222903
18.6717501679716
18.6075848573465
18.5909233443482
18.4153899527777
18.865550130016
18.7041902728829
18.3548229736778
18.704143791893
18.3566708121363
18.679927093328
18.5251121566665
18.2816190110369
18.310724716189
18.3170974805556
18.1091297673423
18.2367469005635
18.3756372576283
18.3594467771417
18.1129059142421
18.3607645580445
18.1534838630542
18.3173576638257
18.141667866643
17.9690375253722
18.2359753075007
18.1929042704642
18.1140601389732
18.0942849871474
17.8737606207075
17.8634016487959
17.7786548592077
17.9360597088089
17.4976664005556
17.8728228231726
17.7633715334436
17.8024174870408
17.779376233801
17.7603839084235
17.7274470810781
17.827559795202
18.0110877865571
18.0119498958493
17.5395332314741
17.5343625612219
17.5339552095695
17.6159699533452
17.5552726702218
17.2703849278006
17.3879111822098
17.6707444269264
17.443109222104
17.5571424587479
17.1292223163742
17.3640331829429
17.4348072971112
17.1949930280683
17.3979604231874
17.9228196147736
17.3851670050511
17.611178922061
17.4945072941238
17.5856023906862
17.6462977803443
17.4740764701078
17.1884009394863
17.0650324480572
17.3535281002027
17.4524629632345
17.2548308184976
17.4424224053589
17.4148593895781
17.1588291753715
17.5402169193851
17.3763475473965
17.0088030059567
16.6691034041924
17.2313927845549
16.8936581819638
16.9165121272321
17.2622560401602
16.8265548581249
16.9861796296256
16.6705937958234
16.5898311918059
16.7720271246678
16.7007042243462
16.9456721876909
16.7055281692674
16.5314525904453
16.9552506993478
16.6648374060045
16.4694656145839
17.1823482478612
18.6483829807651
20.3994161460477
21.6546982343545
22.4341235865747
22.3789367577954
22.6074252537593
22.4908369648298
22.1628914533583
22.3193629682169
22.2501378042422
22.1602333554492
22.665471605352
22.5858670934298
22.5378213416144
22.3787950688493
22.4988909384005
22.3569598409149
22.8758865503641
23.6789043166216
24.3836815967224
24.32867962792
24.1155728508683
24.2572441759343
23.8696828956618
23.6103005184294
23.6067494724149
23.3249593341812
23.4462107745422
22.9851413716753
22.5777472768262
22.938238762349
22.5456995495596
22.2174557546998
22.3942940576639
22.4570765001754
22.1071352367265
22.1911765014489
22.2255374277218
21.9424273293388
21.975538914109
22.1868333007337
22.1275263822254
21.9472940389085
21.9207480254896
22.5086426585411
22.405925946013
22.2074532687652
21.9912755217971
22.3871078828136
21.9565817047203
22.0145849258604
21.6611244316915
21.6749093520152
21.7543360746341
21.691085397568
21.8522262324458
21.4771119668727
21.8281992259685
21.2302824394408
21.2444204169616
21.5227034898208
21.2707076219269
21.0573403534348
21.255104986502
21.3985986576926
21.2555536482769
21.3521362332701
20.9873439050676
21.1754957651909
21.2068201114704
20.9013226110815
21.0581209911766
20.8898573372151
20.8358095953084
20.508644778406
20.6045562165182
21.0001850210636
20.4056973100746
20.8804921627407
20.4081662954734
20.1628987749136
20.5377045219308
20.2538827019534
20.3550229298777
20.1059402106609
19.8860619271324
19.7135434166072
20.063017298878
20.3036835213807
19.793144913035
19.9077948697579
19.8943476608078
19.5761934441159
19.8774862436806
20.0572122381917
20.1857010836832
20.1170949647687
20.3558897810597
20.7866743258509
20.5951987274953
20.4942194938784
20.9612981555284
21.2650136838368
21.2890037907441
21.264357912917
21.552258472097
21.4979504880457
21.4568891652191
21.0639641484894
21.3869732944492
21.245360730998
21.2466504670559
21.6907778967848
21.5579129397854
21.1962698423167
21.0459946047696
21.0565280749545
20.9264173551347
21.0669206927853
20.7076396593283
20.8160169514861
20.565793163861
20.6109190604718
21.1918210396461
21.0029027867505
20.8542899997214
21.170765919108
21.1735502001458
21.2189139345787
21.1452221100569
20.4955690479929
20.6722129940326
20.8616493412168
20.9880507986472
20.6503747094458
20.8808517431543
20.5094313586526
20.5784463676747
21.1041596647251
20.4363454498888
20.4332283974613
20.4845367369242
20.3356210555278
20.1746867406984
20.0529996601786
20.1111363030386
20.0421225541716
19.9248738164703
20.3349179977382
20.028507604812
19.9393287702655
20.003341079147
20.0362732107484
20.1104742292648
19.8561294560677
19.9374113456701
19.7644900897326
19.8733166534642
19.7338341038329
19.5728946821741
19.7993565181275
19.9190634073269
20.4703959144881
19.8602828070951
19.8593826414785
19.967864306092
19.8496725684633
19.6428688648385
19.5286523122945
19.6705849984953
19.68602684258
19.4344781435914
19.7033443507275
19.6125872992894
19.7273402356416
19.5961522576171
19.2033153402813
19.4072591446557
19.4193897757588
18.932438772093
19.2695140712075
19.1546923365091
19.0642746193737
19.0031205113636
18.9119385588584
18.9756502998465
18.9777724184879
18.6028690230617
18.8798883455082
18.9444155255912
18.6379063975023
18.8930290621078
18.7052396706321
18.7521574525826
18.8861489300941
18.9285497193349
19.1003011116535
18.7326839973256
18.7691142476777
18.8756857592856
18.9574352795524
18.4776955170349
18.5721474387192
18.7570086857087
18.9594380240829
18.5819746223252
18.5627123989177
18.9290535504794
18.7341273085146
18.6356613620976
18.401883310946
18.7002519437143
18.9599339770102
18.5901038741162
18.3438767705284
18.8965921562936
18.7648293944279
18.551810779108
18.4148052550615
18.2029734248584
18.4775737981947
18.7982903272811
18.3018826209701
18.559506857033
18.1421251468203
18.4617068479759
18.3522155441463
18.2625800395717
18.43731598514
18.4568604488879
18.1523144369086
18.0126588862161
18.1071106617847
18.4494648915914
17.8851745865526
18.3389040216061
18.2254364332391
17.9802546396903
18.2501093987025
17.9136425148986
17.9354263054951
18.6442946510966
18.1323794600071
18.3342523635805
18.1979010526783
18.36677639007
18.1941781071852
18.1967269629188
18.074839774078
18.1625613851974
18.3021920263217
17.9614609765493
18.1381171001584
18.1983511291501
17.9207767127237
18.3103328592776
18.0729415630673
18.3018882941223
17.8070818291294
18.1113797788518
17.8651432474474
17.7008928412832
17.990008425021
17.6423846743558
17.726282963882
17.8820946839926
17.8206982539656
17.8837225020518
17.700108114242
17.846650911316
17.7513417668688
17.9428355291716
17.683650655895
17.4252886722901
17.4738997360966
17.3409568256428
17.3942848331127
17.3958185811486
17.5315202125528
17.6768084220912
17.1839184334843
16.971228152973
17.234066276019
17.2756927702441
17.2814436557447
17.0652673193822
17.4915215402089
17.1240330989591
17.2610835687198
17.2103989442297
17.1453865890089
17.1391982492447
17.1204650722336
17.1473794264668
17.095423217908
17.0234799059298
17.0657723536961
16.8908969000329
17.001923954396
16.6246886347234
17.455649328526
16.653332326118
16.8296891820758
16.9948928386643
16.9084212066167
16.8606692576878
16.6025379117773
16.7254534308222
16.7340582334474
16.8366725940889
16.8840224362796
16.8477576315828
17.0710744350511
16.9954630155378
16.94680523838
16.9306894177739
16.8196577973999
16.8685378482965
16.6375906320586
16.6951261975957
16.6764685778692
16.1436377515517
16.618315416992
16.5618784219152
16.1735710632823
16.3081210964397
16.4210945241762
16.6469826924618
16.4032341076284
16.244664716945
16.7076991009278
16.5952858035679
16.4819283357575
16.3975430477927
16.4656081991097
16.5147563185228
16.5106579850401
16.3897745022198
16.2747608542296
16.3750655580964
16.6056747687984
16.7132571986781
16.2775230526302
16.4810439945432
16.2632277713756
16.377410333727
16.3489904197027
16.2921175294884
16.196632114062
16.494380044571
16.574844787803
16.4694178076751
16.4927228362089
16.5345726806789
16.1259318864424
16.2417672240455
16.225125819867
16.198398830479
16.2502043349699
16.1466745599197
15.9241837022199
16.3816843764295
16.0133484053511
15.8764764426389
16.0169371028984
16.1405946520153
16.054374702029
16.1540861697906
15.9230085637778
16.2664467843186
16.0653087335578
15.8809009399899
16.2417272430968
15.716262472016
15.5404421421021
15.6865071144181
15.7389523581703
15.6387402400843
15.8400055703413
15.8503123360723
16.1276203578324
15.7230344587429
16.0722559741029
15.6545157329816
16.184594168446
15.6172525490909
15.6893542689418
15.8596731802245
15.7832307964621
15.9859031508143
15.7390473130662
16.0766971656725
16.5384320249228
16.4326549649706
16.3567210841068
16.2735339254624
16.7790463681529
16.6693237496626
16.8906944686596
17.1055286209655
16.8376504066615
16.9498023691858
17.1689823153877
17.4929229226513
17.2592482784123
17.4683809055127
17.5079872365079
17.6252183388341
17.5712384839231
17.3238577334812
17.8651532291037
17.6418677154902
17.4718891943626
17.4935929446889
17.4743641524763
17.7686315892477
17.623045066463
17.4363844165304
17.5118427763213
17.5374513444755
17.6925629538233
17.0997103734952
17.3952530088707
17.1222426363375
17.1481611415351
17.1632275786434
17.0007680043607
17.2630767223133
17.1357793031982
17.3017223526276
16.9772342996481
16.7812432976981
16.7293604933522
16.9085546712873
16.8646000541118
17.1470175976184
16.7366545928018
16.9687264186917
17.2531265324063
17.1377546491573
17.1212674140102
17.1390117187561
17.1313603040754
16.7743040084653
16.6624771650313
16.8604669725708
16.9422898744773
16.8519698914112
16.8690905229157
16.654024427279
17.0800737098267
17.0285247579976
16.9449001739589
17.0050133576719
16.7960922191675
16.4187128211547
16.7896667411719
16.7235887616786
16.7040719005802
16.6003215153278
16.7073779322872
16.224342837475
16.2945456842269
16.3551426083221
16.4238059355745
16.4952897538359
16.4962503736896
16.2382479931821
15.8986710112188
15.8021554712535
15.9963050226154
16.0140774819526
16.4386488347506
15.8870539225475
16.0377452876209
16.3344614025244
16.1259729072556
15.8701861751408
16.0808837580879
16.1969762287315
15.8389919445136
16.0754173983362
15.9474808380068
16.0619395908921
16.5539087807738
16.0376790133811
15.6311827411213
16.0766377386022
15.8966398548256
16.0797751164039
16.2864588313371
15.6904586737743
15.8150539534532
15.766319994177
16.2190312564584
16.0017429125482
15.7188332270808
15.8545639672214
15.608399965792
16.0307840120173
15.9191996673715
15.7848991953082
15.4722354569225
15.5801019837677
15.6383673568537
15.4338696623535
15.8915242600424
15.7437760140641
15.6191014578053
15.4098155490453
15.7245594068604
15.2306229624752
15.3319687555261
15.2319679185198
15.3867479390795
15.3425672952242
15.5637469235487
15.3001132228941
15.2767474128084
15.0286196299635
15.0231628973749
15.2145393716806
15.1219045261307
15.1975598213234
15.3412585985906
15.2622381746278
14.9483890464718
15.3433276946795
15.0416811885948
15.0886594569583
15.0509601483263
15.4839931888105
15.0517221350222
14.6660911000561
14.9086309392553
15.3087498521388
14.8607281014298
15.1114669906053
15.5061784700756
14.9666781954844
15.0735458170088
15.1717247021094
15.3118232941994
15.2494145355172
14.886393874693
15.3239818902612
14.9095526006415
14.9153541522046
14.9222518431354
15.0624552412918
14.9382881076082
14.7782022371262
15.2636874406714
15.2121571357673
14.7903504056936
14.5198623579773
14.7422897412233
14.740733014378
14.7610672417585
14.988669333895
14.8125194748385
14.6249635090757
14.7002568334024
14.4776933768934
15.1108637292701
14.9079276380974
14.3817557623145
14.6402248369486
15.0792039191596
14.5106209151267
14.3452280881539
14.6317016518899
14.4109542205451
14.704245813482
14.5308718048964
14.5583648661326
14.5045123329725
14.6543155810665
14.6493565043739
14.4623984971198
14.4654532716842
14.5163205713066
14.7477909639401
14.4715582812144
14.5432303331132
14.3857750553716
14.285464128097
14.2869384897217
14.6177751930548
14.5442740171336
14.4208709778524
14.9290410512581
14.5126291008969
14.6820722415675
14.5471753554108
14.6679461861053
14.4753121719055
14.4933157366294
14.4305802122273
14.3429780841787
14.3046397408303
14.2740548595417
14.2050356611262
14.2805134201698
14.4449264127811
14.4999904071643
13.9990664506209
14.2992438915763
14.1926004569946
14.2975954708511
14.1090768183353
13.7242469138129
14.2474719534956
14.0344771659614
13.9044232449417
13.9049851546386
14.189426048025
14.2753510936995
14.0036086047076
13.9095639079367
13.895350379529
14.2864637201705
14.3062126675274
14.2601402648947
13.9153793616755
14.1665506409817
14.0632950641099
14.013632015681
14.0245992324466
14.1457070206159
13.7851468304751
14.2360335894556
14.330725579166
13.9036152635944
14.18589181875
14.2690276876158
14.0644098687617
14.315632944067
14.1694775301303
14.1022302204501
14.2152467213125
14.0183964969566
14.7441952499279
14.3124916906278
14.7547129613359
14.2861437245697
13.8874340791211
14.5184207009446
14.1430515949232
14.1811604261711
14.1103952080351
14.0460523069319
14.0868624823075
13.8955408756478
14.1761801582092
13.7188354493091
14.208258583698
14.2626278181424
13.6158130665075
13.8937653839106
14.0120417927686
13.962529617947
14.1052087815481
13.8678460536727
13.6660985538397
13.7592950065554
13.6680049364472
13.7571108725989
13.530037043401
14.1634829930556
14.1899773385978
13.898236248733
13.6878409732634
13.599849046678
13.8809210099512
13.8775237209665
13.7869383845776
13.5918593825116
13.8215488615401
13.6162865797472
14.0450871519638
14.3056018758643
13.571646291715
13.9077308515622
13.3786288889579
14.0920041935179
13.8760602146923
13.813705185478
13.5608410277861
13.6138517780022
13.8273511576654
13.8511785849666
13.9707391495125
13.9158604525986
13.7202530254497
14.3096577471523
13.7228341562749
13.6837958806196
14.0250187952758
13.6783797981106
13.5759206024864
13.4277031378298
13.7549541426927
13.3407082927292
13.3379916622071
13.4399604809977
13.2460512015677
13.5588581883623
13.3327361522079
13.1393968159805
13.4496931184062
13.4787578796128
13.0930791232107
13.3127629592214
13.206390943429
13.4879430381181
13.6073789667361
12.9965794323663
13.2116720326573
13.3610322124842
13.0847435506371
13.3190787374359
13.5858754554192
13.4045256851946
13.3267584689591
13.3027772913031
13.2675669384388
13.3826599098161
13.4021155842566
13.4475883941995
13.0853281510722
13.3922538951026
13.2183933276729
13.0512094947138
13.5162575152984
13.3740871485931
13.1009403027738
13.2832845647796
13.4622163266367
13.4329188550589
13.2400527107984
13.328014244284
13.1696800988461
13.4410056995055
13.7011727810473
13.4089169621599
13.2979383766866
13.5426111541956
12.9195842197156
13.0432383446726
13.1028310933088
13.3600362084299
12.9463884194068
12.947199640239
13.2189871534309
13.0903203142914
13.0732393638109
12.8891801346295
12.61374937078
12.9340841426176
13.0634686930884
13.1206161499603
12.7578911965189
12.8574521508898
13.0898362634714
12.4208529457641
12.9678586685621
12.6272078352075
12.5894930290649
12.8346320709689
12.7857249134431
12.5929012202626
12.9520752256592
12.9709928142566
12.8086231186053
12.7755181404713
12.9603724643302
13.0546748640695
12.9126024493684
12.9069737943419
12.7196666594396
12.8747049920906
13.1620703779598
12.8536129954137
12.8213179649652
12.6359743476607
12.8370122210648
12.8717306264232
13.0500977784479
12.7604913858752
12.650643402667
13.0651789670528
12.7254658533982
12.9300473322908
12.7737805755457
13.0998995643026
13.0872261391685
12.7589747809506
12.7265666461553
12.525878018918
12.5056413312904
13.0108164041143
12.9223272049941
12.850120464809
12.6599392499247
12.7549219880879
12.8404130263458
12.801287025728
12.6769829699158
12.8848865822496
12.6819494123336
12.9449218957179
12.8301832442815
12.9687566315024
12.3839553208623
12.6239299789423
12.8179938261363
12.8119085848459
12.8326347185429
12.5941342363141
12.5818738006243
12.5173454041649
12.2777610510377
12.7965718732407
12.6118191789579
12.6257438169441
12.8592121964363
12.879662171608
12.8397894598671
12.9523902807092
12.8578419923256
12.8383145585105
12.8243602206531
12.7554515023367
12.5528256434336
12.6531416660363
12.8369009252962
12.8290173688949
12.9679425700879
12.7612429554605
13.2901984622931
12.8685927810931
12.8523913703734
13.0089562404313
12.7581484241061
12.7650630565126
12.7958932642374
12.8297010354064
12.7975933217628
12.6783442006534
12.5645740520266
12.7336405810867
12.9411848315031
12.4443895356736
12.8061558556658
12.5989705578588
12.6591259549504
12.3472856167346
12.7085015699026
12.7679410668568
12.4735753353205
12.6508946774144
12.7607977742689
12.9644542673712
12.5098285753496
12.6197510048372
12.5777303258707
12.5122914842293
12.6227869146748
12.7188924717534
13.1740529507723
12.409359909947
12.9300184831218
12.8203638888853
12.7461658256436
12.7822359861227
12.3652074958477
12.742054583519
12.3830164551489
12.6844773858509
12.8381824158166
12.6668662401694
13.0703040143609
12.5817667805268
12.8101930521293
12.7045976818494
12.9575628152158
12.7958490713351
12.6815095908658
12.7109857064597
12.8715195863841
12.3657952468295
12.6866808008931
12.450760894805
12.6871020824022
12.5519158016055
12.4986015312493
12.4243628120695
12.2729732070485
12.6738100637557
12.4689317642033
12.5971586318748
12.2290484384391
12.4922500352968
12.4707619364845
12.1133764943114
12.3424584796341
12.3092438727427
12.648404342531
12.5315999518502
12.4021506912438
12.0954823739023
12.5373925728267
12.6080733593678
12.1939100428905
12.1978895849533
12.4012049875342
12.2427406697942
12.371453564669
12.6020521704618
12.505376860196
12.4588325456453
12.5491975753885
12.4095260582015
12.4009957487307
12.7381457859957
12.2549995832099
12.2416203883058
12.3020015056729
12.3290659992717
12.6312757654133
12.2767698527492
12.509026690605
12.3021410752138
12.4028580298364
12.3303700348459
12.4179940816467
12.4910641494556
12.1198668086383
12.3568398289891
12.385708139037
12.3373272234917
12.4499244920971
12.134191832869
12.1793028265788
12.155030205699
12.0612380601062
12.1565177518411
12.3423638818531
12.1958132956703
11.8236743697698
11.8606430977711
11.6372387786666
12.0695441845119
12.1182984495162
11.9321351754092
12.1521723668513
12.2014232096019
11.9556212477769
12.2066227765284
12.0949447660622
12.0766703702051
12.099799176713
12.1428724030084
11.8947626586108
12.0027164727381
11.9005224221948
12.13813284697
11.704652980948
11.8750451970553
11.9246088101395
12.0176740052984
12.0835551623917
12.1274178570147
12.0288121756846
12.0970688929774
12.0702810218163
11.9566258592859
12.1999796059225
12.2323638652577
11.9180325199104
12.2678571301104
12.1185605972175
11.8620374170856
12.010095129659
12.0649489847907
12.2553742902186
12.045971629071
12.0333449784561
12.360209487528
12.2999716742418
11.9808568457188
12.6089444184027
12.0283339081961
12.3882037663198
12.0919663867701
11.7915351436234
12.1414740653984
12.1563474755412
11.9953869303658
12.0313030996219
12.1982023544924
11.4396261095656
12.1536114311941
12.0278251665609
11.9875269186311
11.9415171208523
12.2232052228276
12.3442327858068
12.1017226974894
12.3105186665109
12.1433394783525
11.9334727772939
12.2401639617558
12.0998307307457
11.8547874559113
12.2989227380353
11.9395259231633
11.9482574060144
12.0411357155287
12.4634840480748
12.2582067857731
12.2253372040437
12.1783168343606
11.9188125441928
12.0804480636447
11.8295523409698
12.2816646245745
12.4186782775092
12.3305768576157
12.092293939886
12.0429147218193
11.8028046979083
11.8183408658235
12.334518792331
11.8996686412325
12.1635407215143
12.047346026318
11.9133104119552
12.1414523731686
12.0300195526476
11.6366562337832
11.905944882945
11.3187511989357
11.7724356667838
11.9954343024732
12.1432802401053
11.6022070156726
11.7244147847133
11.9589561682648
11.9785108003987
11.6530162214191
11.8924133494867
11.7406166144198
11.7782735693576
11.6643106356563
11.6888773254866
12.0772125375353
11.4436102989508
11.8101468440056
11.6791133823646
11.7989938028841
11.9139116922158
11.8906289748896
11.3992644976523
11.6750921377119
11.8089150437881
11.8331099726294
11.8285067602594
11.8250361326325
11.7756633588479
11.9802921756985
11.6064474262727
11.9253579092517
11.9188999950269
11.6272169792835
11.8579965126414
11.8449291154064
11.8827520284159
11.8285416485131
11.8767167738071
11.8735891145839
11.6272091236031
11.6495202292159
11.6739702105887
11.694099884064
11.9791225580366
11.6530800377279
11.6324616397557
11.8281125309308
11.696819492204
11.5778555555659
11.7138548227586
12.0892026491682
11.6370184990782
11.5876348374529
11.2425355254575
11.4374365109293
11.5715661587676
11.5914343882171
11.6854403850022
11.552990376388
11.2883128272828
11.5499281218254
11.5026353229915
11.7837495213487
11.5313218530156
11.7567432372503
11.4485976226103
11.7501510047752
11.5905915467575
11.6216764510426
11.8513785909493
11.6887214507926
11.8559359866562
11.6395935069125
11.2900653703448
11.3993605445476
11.5866051207867
11.6319302534176
11.5727252813341
11.6266599846244
11.4006577632867
11.678093764483
11.8788150868164
11.5929469241385
11.4589693583542
11.4233666729634
11.5507995742497
11.7585196135716
11.5936954976229
11.6289860545261
11.1579886284493
11.5036698221108
11.5787965763689
11.6844106417678
11.6127348974767
11.3120599784964
11.6121477087747
11.4349663398155
11.2484567192302
11.5158478067512
11.0061504399448
11.5177258798113
11.1694598958227
11.3966213147802
11.2142807613884
11.4234004560838
11.169257390893
10.7181511452848
11.3892585866433
10.8484190185036
11.7565902237364
11.2294990082857
11.5556109398292
11.5832917640002
11.1903442991136
11.1784864978315
11.4982044149059
11.1660843236462
11.3661175788083
11.1693723834188
11.4823857276159
11.4790058651288
11.4409794927191
11.4642504578552
11.2758497779097
11.4272224651928
11.5221016876029
11.4848884281607
11.396994435448
11.1750411620127
11.3975865216917
11.2656608756695
11.0904299634596
11.5349621091101
11.2613558134202
11.0808801512999
10.9992720309438
11.5063697408322
11.0372231943691
11.2612588576811
11.1192716724887
11.0464032711009
11.2968388219851
11.3425703098716
11.1291870455554
11.5899130194172
11.2431604905948
11.3270793727761
11.0874133763052
11.1756431840963
10.8658186905269
10.9457230355952
11.3478595435021
10.9124519474785
10.9993272131899
11.3169439895294
11.2436222292486
11.1542079077152
11.0492116140955
11.0399964321401
10.727282983215
11.0848347556409
10.7265523102087
11.0109368759913
10.8708010810269
11.157184264098
10.7281910703051
11.1088868036527
11.2325481463838
11.3274895764116
11.1286992081016
11.5868594243097
11.1118701807272
11.2925512091269
11.2545351428755
10.8496412951067
11.0696081343811
11.1110150041809
11.2467600081251
11.0324583730495
10.926162617009
11.3981592380582
10.8987392179782
10.945642480157
11.2047229448316
11.2334003077048
11.2257508283785
10.5847887979933
11.0253149906082
11.1507338026241
11.1874114771502
11.1843207218245
11.1521034844188
10.9632015783613
10.8353704143174
11.0458756615521
10.9216688242449
10.9431385647765
11.1007459020977
11.0379237776038
10.8970178466756
10.9852257478807
10.7833901287493
11.0363787150373
10.8116546870377
11.1138329356768
11.4854890408819
10.6981577291987
10.8419803637386
11.0472844201324
11.3506813592889
10.7052655753561
10.6509264591908
10.8895090838213
11.0030244955064
10.9946032938089
10.9569697143835
10.8539562011137
10.8544604542231
10.9792115689837
11.1653539578556
10.7125969494062
10.7417050179687
10.8099108879715
10.7939724706537
10.8744560872382
11.0416731288608
11.1295112616572
10.9835477552465
11.2027300012359
10.8223927377892
10.9568482574285
11.0347041343385
10.6364129438348
10.6865572276615
11.0289851378063
10.7849746572764
10.796237332621
10.8741526414872
10.7183006715883
10.5369444429865
11.0025525003586
10.756381535949
10.8750724762342
10.779341411975
10.9389995362455
11.0228791611183
10.984506096723
10.7719196848973
10.9311499505226
10.6071339195953
10.9164129714457
10.6962084137454
10.9442331171066
10.7268269199272
10.6788851702715
10.6743277338361
10.5342027899905
11.2042967327055
11.0548085452509
10.8881831483012
10.4958347096183
10.9175114570647
10.7487166879859
11.1040041347939
10.9011405791273
10.8250560906697
10.9700779093018
10.9679898044744
10.7085378180616
11.127582332078
10.609669774667
10.7250046742327
10.8430366231101
10.805042952048
10.8218701149836
11.0250024214294
10.4609766311636
10.6822136290386
10.7001044462942
10.9164927369985
10.8194284102272
10.6750748363972
10.8458045078528
10.9083009651905
10.7420128009746
10.7850591897299
10.9633863311246
10.800063293598
10.7912860254535
10.8859722047389
10.8667347068581
11.0490331154173
10.8971333587353
10.9693668889978
10.4985973581768
10.3361101423529
10.6302208209783
10.7500211816079
10.7137021791104
10.8734893181129
10.4072027148682
10.6566560309605
10.7469598041179
10.783113921053
10.8338846255476
10.5705079858781
11.1424444027371
10.969324178492
10.7153166742643
10.7532716460522
10.6475629600787
11.1528430106569
10.8831091228285
10.5507969539547
10.7034852962535
10.5280074863881
10.5807164936025
10.7599401456637
10.7433238424076
10.7494845346094
10.6904782507968
10.5482258194681
10.2817892036534
10.6720133430948
10.6342011495101
10.5839034663273
10.7005432228515
10.6268026848158
10.3684505585184
10.7602130295658
10.8382877168544
10.4128744153713
10.3220613382451
10.2974321342658
10.7793884684682
10.5895485359902
10.7568784038022
10.5558724858778
10.2076829061702
10.6108464967645
10.7462306520714
10.5025041333994
10.6781460323043
10.6497222995028
10.8549047310754
10.4037924214585
10.7040926761135
10.7313898503246
10.7849578233006
10.6541930288154
10.6321692198598
10.884804892011
10.6665447079274
10.8358649082473
10.7399586419635
11.5692938783353
12.444279114016
12.852500546398
13.2969546217188
13.5838423214513
14.1750469384262
14.1095416135721
14.5111495258939
14.5585908501576
14.884994074557
15.4444604074548
15.5056633888131
15.2856794434892
15.5122023207534
15.3930806111366
15.8076083612355
15.9732730389834
15.8645765645098
15.9673210246142
16.2955560603962
16.0792517431907
16.0801994692554
16.2120018960547
15.9810350319455
16.3016228500967
16.0222105715878
16.1365869980945
16.207257092568
16.2534911524689
16.3542983453715
16.1199229071114
16.0983718327448
16.0911129903038
15.8889431734963
16.1630099761809
15.6738213541245
15.8163682002562
16.2724208982864
15.9557262960437
15.9910628075744
15.6991428573085
15.6323271086514
16.2039090757843
16.0344662489736
15.8376511104278
15.7656519472232
15.7607930662372
15.6599618517175
15.6627801822431
15.7618910038163
15.9812690184687
15.594768715064
15.755715370084
15.7728834980707
15.856113296038
16.1273598729477
15.8680335184038
16.0015415891038
16.0361301557124
15.73434277222
15.8992884051097
15.7928087230006
15.5575488943223
15.6282304693505
15.9101336851556
15.6827477483167
15.6746289573586
15.3835165489146
15.2777641858027
15.5604442800518
15.2672008695603
15.3197409109062
15.485989856819
15.2796190561865
15.2117988106737
15.1354736712353
15.1495817262883
14.9772247190227
14.9825194182668
14.8525789281325
14.7437253933716
14.7085238509431
14.713351866139
14.9555316818384
14.3677987585933
14.6828704482892
14.6114955006976
15.0275733898429
14.7921166632973
14.4158694111007
14.7785133639002
14.405017980377
14.7865484032049
14.7794681316066
14.5493718826315
14.4115978953671
14.4528732363232
14.4812687675561
14.6033992930843
14.4476322177066
14.7251588153096
14.2333332347821
14.3194561351529
14.5715817427776
14.6589592010766
14.7059274513181
14.4675139314131
14.4336021666725
14.3820516257043
14.4531040009563
15.2856788467295
15.6275937540885
15.7032372093312
16.0123313233355
16.8294201211621
16.7545667561618
17.0340452949381
17.2579928484721
17.4569005966917
17.6757865508837
17.7341267361683
18.2737965707597
18.2597664418096
18.7700947266444
18.7214571433795
19.2616725288483
19.2612685914923
19.2436878785924
19.3616224422813
19.8104508016692
20.1291889625951
19.6620777445574
20.1910200224826
20.3478590882302
19.8797569952101
20.3938633328172
20.4245920132927
20.6845795571203
20.0651382980618
20.2081039188218
20.0579095352733
20.6457774694952
20.3496202308902
20.2380205530319
20.1617111005883
19.7797377617549
19.5309129116916
19.8334434953646
19.8535476102987
19.8566907559681
19.7015739029433
19.5423340853465
19.5755437077293
19.3508880779694
19.4524452472738
19.1846508475543
19.3111330617409
19.0660969513317
19.4393833572722
19.0662065352956
19.1106019346344
19.1081560009691
19.0237383469788
18.8761625213161
18.9522734203741
18.7706633816891
18.9340417007158
18.8891613365538
18.7704386609474
18.744235999576
18.7913364684744
18.7033767474417
18.5671649147308
18.3169004741128
18.6785475939461
18.1157622865503
18.1933393792294
18.1576680322351
17.949035178528
18.0727084148957
17.9106217434957
17.7010665639067
18.1137967774326
17.9136389306573
17.337083387614
17.7114911295573
17.2740392668967
17.7362734832797
17.5446361087361
17.3311411491625
17.5347669778065
17.3157396780952
17.4941495920722
17.3032818555443
17.5683514352038
17.3337943359557
17.2470837064636
17.4747751990997
17.0748867762325
17.0468169776632
17.3711033548728
16.9682784117064
17.5054805837255
17.2038122976586
16.8871440067498
17.2311829192409
17.7240361862816
17.7678374023714
18.3132436223435
18.6936420169587
18.8513035051811
19.001288462876
19.4706473588853
19.2319840869531
19.477059378007
19.5224038988009
19.4506866329995
19.351049632091
19.2299188300187
19.1584928719915
19.3362768338713
18.5829535346663
18.7894239628397
19.231502598204
19.0629386036401
18.8327514312736
18.8144443249827
18.6859840735413
18.9737198936768
18.4077855403508
18.6935519221387
18.7275158113079
18.7237863143232
18.2543473704868
18.6040662992771
18.3187684927683
18.1616162891082
18.4234441986809
18.348226999992
18.5318450957122
18.4041283972957
18.29641223742
18.0127303968511
18.2132349827809
18.05261276564
17.967629493128
17.9534863744539
18.1986861077837
18.1503172596707
17.8869065953601
18.3228785307171
18.0541772544805
17.962127234124
17.6892012789583
17.7938553118623
18.080366418556
17.7902542384096
17.8269333940042
17.727821177471
17.4422694230297
17.7894920992705
17.6441716457135
17.8578792332043
17.7126242423754
17.5310899583068
17.6878654160023
17.2175318847912
17.1837775654242
17.165363399096
17.0208546975769
17.3024401250906
16.8303261819599
17.064163590372
17.0729818967596
16.9629727768527
16.7149865020619
16.9788114288375
16.9295820697016
16.9291261033873
16.6561737530665
16.8207075759832
16.5308078980968
16.6883022543144
16.7518857031225
16.9986951944476
16.3312515008352
16.5196347212946
16.4993499970566
16.5765150667932
16.6429668395654
16.6498266321613
16.7552117760277
16.4522161856577
16.4065695780721
16.4685119264415
16.3967445560911
16.4626756562271
16.4775904358791
16.3608025745618
16.6853128529486
16.3090922302674
16.4981244501304
16.2109927010363
16.2887069278388
16.4954365007023
16.5632526472341
16.3761222389073
16.5169908179668
16.0306892008187
16.2886949646354
16.1127477814379
16.0396220720318
16.1205865722102
15.8699548956035
15.9136909041799
15.9304883599727
16.0042740989491
15.7327516309491
15.7948861012208
15.3362306615101
15.9024973213953
15.8990740194821
15.7972300687363
15.2775070215401
15.5512214348229
15.63524597999
15.2793356399088
15.3070421636356
15.3380264660349
15.5321809995215
15.5390453173809
15.2904365775774
15.3873303227612
15.7732574653706
15.3529969260447
15.5682698337786
15.1574685092175
15.3599062339962
15.3355360264665
15.1449328363602
15.2302528825158
15.3052822645565
15.4335954067243
15.3434219165579
14.9661090559494
15.2936831343434
15.5974658186089
15.076183557052
15.0461119988022
15.1991319298463
15.3853997245454
15.1957497655869
14.8985840712518
15.1473207839566
14.7186587425358
15.3627481801604
15.1701311539623
14.9006028616161
14.8706429460439
15.0300312790738
14.8491624181612
14.8489439351959
14.7024166189148
14.6880687414072
14.482631873117
14.9415213950668
14.4414311650247
14.7753176308913
14.5732873340181
14.5201542264973
14.3705866810948
14.6094333213536
14.037788918774
14.5554509567288
14.3012374483605
13.9930572030274
14.5783352357603
14.2092774350714
14.7852852862755
14.6623456363846
14.5354637664487
14.7002316426222
14.1365225972768
14.1557518898325
14.1603928444572
14.9624411194989
14.3844687654352
14.041992050606
14.4748786208271
14.2879142453379
14.5684412060665
14.1933652652494
14.5606704616887
14.5702569224626
14.3469154248501
14.3930669900623
14.4241234976372
14.0773364680515
14.4196778690509
14.4861421097104
14.4633040758465
14.4071297959347
14.0192122432861
14.3275636676143
14.6317893065567
13.9096143630233
14.2238363401576
13.7419471957123
14.2621729817447
14.0800870859824
14.3393885864575
14.1678705155618
14.1222709210324
13.9627402567059
13.8804634306555
13.891619526165
13.9072726149317
13.5356300279591
14.0448527938402
13.7874327120369
13.7156416136348
13.9548326932021
13.8484474481869
13.8725553040024
13.7202106585965
13.949644947954
13.8807024767698
14.2107050015364
13.7834867741651
13.9220187086778
13.8678336745968
13.5987793669938
13.72464440702
13.783654153827
13.2049535441871
14.1243670095006
14.1789919145494
13.5813205487387
13.6709307355555
13.7858205532605
13.5850040368585
13.7431107695511
13.8114081972026
14.0556527764505
13.7243617813341
13.436230329259
14.0650146024149
13.7310768609461
13.908889798053
13.7094240680158
13.7354217743528
13.478031737569
13.5476644350891
13.5853297429348
13.4733732351204
13.3399974043237
13.928261159532
13.3605375642521
13.1415704664042
13.5280172260546
13.3834558064418
13.6782545001996
13.1275217072072
13.4257210636172
13.3256861396484
13.1824050243979
13.0089294163192
12.9414233906226
13.2468185852743
13.1754971381781
13.0214780343038
13.1136927331036
13.1352155550709
13.0345434871191
12.9617369076374
13.0858891308324
12.9666448998937
12.9018857607461
13.2318451238966
13.1556189212186
13.0102242195322
12.9501491115241
13.1795569564196
13.3170977879837
12.6509125761643
13.5627630422269
12.9994748419706
13.3049482540931
13.0738564431092
13.4413249472039
13.3738049903306
13.2304522156619
13.2841448088473
13.1841144609835
13.1272547639367
13.4443220223781
12.9337610765561
13.1332569332886
12.9135799176924
12.9092530792443
13.2058441321517
13.1348450898703
12.8566066052283
12.9291764657174
12.6806127499841
12.9541125945895
13.0645432261658
12.9944214669503
13.0441020810885
13.0972454469772
12.8744906952312
13.0152036039463
12.9584550742562
12.868617174833
13.6956471977778
14.5089522020849
16.1343944165651
17.7017973467449
19.2987982677217
20.9361468564185
21.7583658098807
22.179983470883
22.1359232150477
23.0375782024425
23.2508966954665
23.2983467004409
23.5352042255974
23.814276118833
23.2233354325324
22.9797160458027
23.1528431867724
22.7296591157941
22.6191182844071
21.9867262895968
22.0189477898305
22.1314865151939
21.646499824667
21.9031462438232
21.5395164088752
21.6760427263553
21.5726326038209
21.5370969490677
21.2952924577053
21.2365759624858
21.2458226289877
21.3345162630903
20.8269028574809
20.9818081414139
20.9034746587475
20.5438778464603
20.6204764331855
20.5796877770353
20.5029284132401
20.1661551972512
20.2990545220656
19.9922025511872
20.1750058992471
19.8369048562323
19.7705607485151
19.5595749787012
19.5715161765412
19.7798096686489
19.2850379044205
19.3182267326131
19.2065750532207
19.2145124274518
19.3241158872798
19.1200937252861
18.870551641895
19.1955009643909
18.6633989539345
18.8163546459013
18.7117052492742
18.8263840880148
19.1877356100626
18.3491723129907
18.7112530551989
18.5046387687783
18.4971331787163
18.5966279149491
18.7266461308086
18.7895348022019
18.3547765484956
18.6048122389216
18.6683942237672
18.5143923191787
18.734463669449
18.1574086105655
18.4105107861108
18.1653106171731
18.2513876273795
17.6577564740589
18.2438399021014
18.3661655323996
18.4907378454089
18.3349961153416
18.2868344138446
18.3423761274535
18.3507355287705
18.2860774650505
18.3983896242064
18.1231492137753
18.1835789163089
18.3154220923941
17.9016266788198
17.8646591230703
17.9099802321903
17.6050494472113
17.5127991552631
17.7082901188981
17.3836875349788
17.7209629858674
17.5081712117647
17.296483322753
17.9200378616105
17.7023860772102
17.7373277279144
17.5806038847323
17.4200484719466
17.325921120351
17.4895841347088
17.450699569588
17.5294167586829
17.3124066918063
17.2151412024937
17.4381121725382
17.2461667141097
17.3862273920168
17.6917722499781
17.1107891610515
17.2370476579881
17.4175655223559
17.6263062209919
17.288367973874
17.4113577098611
16.9961084712331
17.1407795592693
17.3909492145278
17.5440938487307
17.4617271892502
17.0589656966146
17.13850771077
17.0424579432903
16.6105328703563
17.3425819957175
17.0250832971748
17.0303249755855
17.1186325184302
17.1022189089117
16.7642373299419
16.6481142532611
17.0268039164237
16.8709653175701
16.5277249077711
16.9023715220501
16.4867946234975
16.477078428142
16.4148205483311
16.4498037830432
16.4302946518188
16.47804367554
16.6290468946883
16.5892550944629
16.5187765083477
16.2061397231682
16.019888621781
16.683964712739
16.3159178306366
16.382512372949
16.4174536444361
16.3187497092048
16.4267166828803
16.3481208947102
16.1934145564398
16.3691764700334
16.4844904981699
16.0568522947927
16.3657411258144
16.5955087346345
16.3080310571979
16.6164509882915
17.073019668948
17.5562492474267
17.7665185760469
17.6887569669281
18.833078593987
19.5006617614011
20.7216415519725
21.5791125883741
22.1470349876781
22.3021715322298
22.6077545052009
22.8532798507568
22.8565624975389
22.7358191952073
22.8023413283759
22.4201361994517
22.6150980157119
22.1817449873717
22.1532144580688
21.9660934058217
22.003507222603
21.4111278110958
21.6768315224986
21.5016786173455
21.4789429476766
20.9029117100648
21.0564681443754
21.0254492065689
20.605681801154
20.799459060297
20.591342050154
20.699334658868
20.5653241488214
20.2739168220118
20.5889595740423
20.4460348170388
20.1249716711763
20.1071760618391
20.1396725150046
20.1998445831967
19.6228962063982
19.8660239890359
19.9501521739147
19.7279432944659
19.8679739931977
19.5665648191106
19.4744079766298
19.6752538239646
19.7868295517601
19.2525772537777
19.7481937282549
19.8437692936647
19.6519625269592
19.3934826893933
19.4790930559173
19.5269844641676
19.3828987519045
19.3033242484887
19.3041241981666
19.2452412571096
18.9107016000072
19.0603426112781
19.0056438759473
19.1348153090941
19.456345852969
18.8832889714405
18.7139473835275
18.8346988965453
18.5617327408261
18.6534914729351
18.8731159465249
18.6042102403692
18.4422065988754
18.7413665823463
18.8100683425133
18.4253026144709
18.8907323215053
18.3082436283719
18.627083170887
18.4991954800682
18.760044144886
18.451328484107
18.5260794096762
18.5102494717841
18.6066012677656
19.0552902712276
19.704252757044
21.2138766546834
21.7042347095307
22.8127907575848
23.3037866731852
23.6650643025706
24.1427176255287
24.4499005867592
25.4937690370584
25.8246400832977
25.4645300058912
25.3972722271222
25.1786769454235
24.1078682963731
24.3170493906688
23.9342609256002
23.8065295304247
23.6413873403062
23.2211659815756
23.2294391621215
23.0317397814262
22.8996766965166
23.0851048375861
22.9570276556177
22.838874972754
22.5218595195781
22.4793260938774
21.9414936284209
21.7651359406173
21.7067127073597
21.9083770585313
21.8142053357389
21.4860871407286
21.4515420501325
21.2055277240712
21.3984313497614
21.2180569804087
21.2862537161385
21.2942569552691
21.1028269242799
21.3233076403553
21.210296198959
21.118417635307
21.0366190814749
20.9552473993329
20.9127936619981
21.0640291513289
21.0284199031277
20.7928120593012
20.8693545258854
20.6527503885257
21.2073922237772
20.7151913532369
20.812213126743
20.9465946996979
20.8070871232957
20.5473883890666
20.4736665537408
20.2347344835663
20.1983808154887
20.5472892811258
20.671114659877
20.5220955691027
20.2880696809992
20.4686669787027
20.6006986313571
20.6180871206789
20.3606378084486
20.0633713687411
20.2286252182017
20.0999937841157
20.2061065454967
20.2417651683178
20.0833111951018
19.9499023535369
20.1297823382779
20.0060222484017
19.7115919123646
19.7236103940964
19.790025749839
19.7019717373516
19.3238226522501
19.6128963922949
19.5331223462668
19.6612543198832
19.5163923439833
19.4599701565084
19.6608503178127
19.8533995842007
20.0186673467134
19.8981359671384
19.8299094841853
20.1979485094546
20.0408674504187
20.1606591558382
20.2288649591876
19.8037296833842
20.1939401502
19.9975967678507
20.2348639501895
20.3166200568767
20.2252481351529
19.9777639655892
19.8932314412697
20.2027279177107
19.8586670960608
20.2288388194994
19.8230585758408
20.0749567346079
20.1711507754485
20.0370830161482
19.5273493959598
20.1641048329178
19.7011892636389
20.0220966406849
19.8600576268445
19.5847134179407
19.8226099263732
20.006670303368
19.9341921835075
19.8483802766897
19.3543486333568
19.5980593349355
19.4229003678285
19.4634541381669
19.5246376676415
19.2601025256567
19.4801410019435
19.1865531852324
19.1752076352392
19.2236726298548
19.8382343724735
19.9455249061904
20.1239280949953
20.062066028565
20.0034724206436
20.6204507747784
20.7069940398975
21.0744011995474
21.3852328557337
21.2882991170506
21.5268422073307
21.3170513455444
21.6252048460054
22.1088055210355
21.8055080944216
22.0529561743574
22.5482942941814
22.7924240688776
22.9390995376373
23.229862108254
23.1137729073459
22.5240527260286
22.4889886059885
22.7903751987642
22.2458838424777
22.447764767122
22.5044587712233
22.8355809727155
22.2951293575488
22.8937109350615
24.3732263067342
25.1002813339128
25.0294269012666
24.7405775522584
24.7153561564298
24.2416504287052
23.9419682676945
24.0839423912672
23.4050018718939
23.6852799082157
23.6128596955442
22.8707639710109
23.3383170801717
22.9038120910008
22.6994511764674
22.7925935774683
22.7586903330272
22.2955956619605
22.5527361283801
22.0580555762166
22.0152379312864
22.3076748512599
22.2332220132375
21.8969446458269
22.1314992020308
22.2852175829839
23.6929187021978
24.3846240894901
24.6314674971539
24.4660230439763
24.7596315771719
24.3112623569346
24.2886427027671
23.9456110233351
24.1148918732166
23.9937022678342
23.6878459661864
23.2827900972686
23.513269332026
23.3786224760201
23.3300047241539
23.4167053864438
23.128041838262
23.2240054295653
23.0165841466193
22.9989686085819
22.6088945877107
22.9621994664973
22.8343767751642
22.6881560733884
22.551641038041
22.2711598836804
22.4067276701525
22.462764995609
22.275233411606
22.2185448410606
22.1268898960049
21.9312455887879
21.8471879354538
21.9318598355776
21.5011247912593
21.7180423111945
21.6760055128072
21.0122767747926
21.6563546382854
21.1651334636794
21.2880335089561
20.9153932159348
21.5838160870685
21.1518691997146
21.3050468264186
20.6762960480692
20.7154531044069
21.2759574596329
21.038461664669
20.8476766919788
21.0493884611661
21.0105211051115
21.4436229671231
21.359474616168
21.4085630854116
21.8038742615779
21.6965379046633
21.5708645192984
21.5456879183189
21.6028115884353
21.3650384836116
21.4387112634499
21.2860433127664
21.5658807917
21.230009349306
21.4106145024158
21.4884953388011
21.5117166767705
21.1079828879424
21.4183841116481
21.2315705348864
21.0654044760439
20.9274565592088
21.3785195105073
21.303681978045
20.8570676165624
21.0315528603689
20.996868752285
20.9622339508206
21.2266988426584
20.9221176330189
20.5960960418844
20.6504142006552
20.2240596135346
20.2553628468954
20.5929602456593
20.1903315813236
20.2169027319985
20.2549412355454
20.2658524343622
20.0235906194288
20.1796401750036
20.3767105261141
20.2795776789025
20.02821131889
19.9824268499686
20.5211200300371
20.2871228844481
20.2299442729232
19.8763948303552
19.6290511939549
20.340147094338
20.0835663704431
19.5600744322804
20.1104060128665
20.110026457291
19.8207164180567
19.9316131592795
19.7402756105246
19.9582184349356
19.7986797328769
19.9733887845203
19.8592445792333
20.1301020298895
19.8774058510427
19.7688669602236
20.0934113943493
19.8340850981069
19.8878327130776
19.7800886597802
19.7357929924691
19.7791224846404
19.5559159689161
19.528525751498
19.5597111668936
19.6697741024594
19.5032329457102
19.3429793080474
19.3962341945044
19.5457938411709
19.028805438638
19.0435288906759
19.1515225740214
19.1455323330099
19.055462640945
18.9206527819744
19.0881537198801
19.2187896345328
18.9944215270373
19.233299785691
18.8336962536909
18.4806826960118
18.7375826568541
19.527708581976
20.1187390219768
20.5996181679605
21.1411262941603
21.2801543581549
21.29869049386
21.4996288012664
21.521677361381
21.1552332292564
21.1807561227152
21.5716930745294
21.8144254447099
21.2336248914097
21.3973750636055
21.1016649949064
21.2536256703213
21.2236445528039
20.846117893262
21.1865262753379
21.2065987568746
20.6836162504424
20.9369200766144
20.7591419448667
20.6611416773883
20.750903844037
20.7210191326353
20.7923347142192
20.6786928877276
20.4981713887446
20.4220564113544
20.0007328276573
20.4506765627379
20.1178584869069
20.1090014574807
20.2435983569546
20.3611579551304
20.2954509772219
20.0554941043309
20.0361791405733
19.8544354645058
19.8016420804816
19.9217021360503
19.778843586784
19.9921824631626
19.7960246546503
20.0126587673848
19.8370798230889
19.8096775846383
19.8768506429648
20.4527123982476
19.9723648195341
20.4307768645191
20.504285847164
20.2749433645164
20.252757823161
19.8739098639612
20.2719846801146
20.2964117130779
19.8772586925849
20.1888414148331
20.2836731700058
20.1027919033925
20.1208192398462
19.9150627162405
19.9458710038289
20.167502201488
19.5938501801908
19.8274655149309
20.160848358299
20.006020114544
19.7490030182123
19.7763361314742
19.75458696836
19.622731332139
19.6316532344151
19.6489702946945
19.5429817032838
19.7238608949533
19.5121680442082
19.4064389701269
19.1120448013205
19.24375361199
19.5092811387478
19.1247649973972
19.1448719101561
19.1861299026316
19.2352934944804
19.3489700060892
18.7228633754455
18.9553672140987
18.8424983878122
18.6133482094703
18.6443285158473
18.9509304153077
18.7928080094516
18.7739399055219
18.3968072676401
18.5011212199102
18.4365792192285
18.8120813754275
18.7414573797396
18.7686634644088
18.7132432796651
18.7479357562253
18.6325399408988
19.2548721492768
18.9382858584885
18.93386615452
18.7143301317992
18.5657399750049
18.9741454546564
18.6766018688892
18.8440992998411
18.706126435059
18.894046298627
18.639649013075
18.5680057793405
18.8667902347645
18.9698040536647
18.6746234969653
18.8819059413158
18.616943521856
18.6657318161068
18.5109125862703
18.3898649098705
18.5052704914006
18.3749408591121
18.3216685998633
18.280095745831
18.014499842831
18.2938711695223
18.7398892138213
18.2957803725125
18.0531846455512
18.076599430001
18.2226709274871
18.2385922659372
18.1779068492848
18.1426997886734
17.8989631989668
18.4097950893384
18.9026787084562
21.2168902225281
24.2939786802179
24.4213405749596
25.0196275580666
24.8699448947865
24.3253562107831
24.243232218942
24.5038036054539
24.6439934232863
25.0831604594868
25.1673443739899
24.9547416593184
24.7429770305071
25.0120644625642
24.8136706935493
24.8829750940734
24.3877871798815
24.39251517524
24.4722095147371
24.3563919991088
23.5626407128327
24.0327200580054
23.726614462126
23.4848807047517
23.7604215177846
24.2029947703898
24.0306751753819
24.0120941689766
24.1173548153081
23.6029252340738
23.5080157124597
23.9438955357254
23.6892951419444
23.6294231862207
23.3568754080838
23.389766805719
23.4187965812759
23.0110765244849
23.298971640823
23.143453013562
23.1529757968255
23.1173674759886
22.9362731634472
22.7455872020602
22.5995364550699
22.5469099851051
22.381310420327
22.2712809842294
22.19280583292
22.4466044781192
22.1894120416918
22.1871547731564
22.1173487685858
22.5590764485933
22.2815425809746
22.0751205628511
22.1726492542372
22.1359046733556
22.5191234968775
22.5327373381181
22.566338461729
22.758602252803
22.3964140455994
22.8012444194306
22.959670349696
22.466276199711
22.5889451093773
22.5881465047858
22.4885082257304
22.4917109607441
22.2493851760017
22.3764132724461
22.1851673885363
22.2159453394269
22.0264689984579
22.5073076291574
21.9888227169683
22.0158160901282
21.9042374267337
21.741555427972
21.6460746995423
21.6214141284972
21.3010946377927
21.7403937445342
21.3194317717219
21.2784769366842
21.4699081719818
21.4986559047467
21.2073386549399
21.1683271215476
21.0277862622064
21.0526918934273
21.1895908086584
20.9696470337539
21.2123105978428
21.1480553962871
20.7927577674184
20.7752988596323
21.0954505438109
20.7030382161949
21.090455416784
20.8470059306001
20.8756443566304
20.8451135915486
20.7802750957462
20.7441004179964
20.78431412395
20.5808043017127
20.8042377591785
20.5625317658674
20.5938362129052
20.7056992940662
20.4955814538254
20.3959032815971
20.3768352782769
20.7716603402061
20.7492294244639
20.8365965341688
21.0150484196492
20.7388359702846
20.2693033854272
20.6852990886946
20.453468758201
20.7191374039414
20.6418054112441
20.5375496530153
20.4642128507027
20.218039802948
20.5735405205093
20.3667643937419
20.0215011736684
19.9498129334021
20.2559752400064
20.0304288960719
19.825632951241
19.7175140378183
19.6698305180807
20.0094954442125
19.4552788263038
19.3847874775504
19.4500278854427
19.6199233289673
19.7802700948013
19.5214083386722
19.6828371534189
19.7581859882721
19.5976987797512
19.3107336108336
19.2891204138149
19.7834999219885
19.716165362635
19.6171862464088
20.0128220274921
19.9306068737239
19.7920139253299
20.1461391277623
20.1786871050096
20.3608501168627
20.7123696693656
20.9014853173571
21.0042627725256
20.9695130627507
20.98829013975
21.5129506405273
21.5331679490018
21.2485214345821
20.9498512205624
21.3474875510327
21.6696488593284
21.2444832827916
21.4301772039615
21.7070879442937
21.757373974496
22.0655408858091
22.2714588600396
22.5313159391834
22.3131151078566
22.5465937727629
22.1844902661107
22.1714332843056
22.0490381355303
22.442850147877
22.1164672849004
21.934148529264
21.8823855954304
21.3734748603587
21.6687777928052
21.5839189692543
21.2163997119305
21.5110610979353
21.6777018227947
21.5515180008037
21.2245182951691
21.3358950627712
21.3045524688677
20.9679321977321
21.1198479934793
21.1172504438913
20.9904575548478
20.9603173641633
20.9717969634511
20.7374321489217
20.5665842491553
20.6203895146292
21.0960232800682
20.6078540535921
20.9410237251512
20.8801312249909
20.7571850374513
20.6712517122779
20.7181734007909
21.2807023947094
21.3072207600413
20.9544660724054
21.2284075908783
21.1712023575889
21.1490677579929
21.3072215940318
21.2329866957269
21.5090831192473
20.9797154619112
21.2643403810488
21.1417096975582
20.831595011273
21.0800562009227
20.9188013490241
21.2079194177146
20.972710892387
21.0495169021074
20.8153176298718
20.8598483400335
20.7096368795614
20.6233127030637
20.5929835321803
20.7110886431693
20.6641913750885
20.6998652698848
20.9286309339606
22.2968353030953
22.5553275979328
22.7072709402698
23.1105378686407
23.4560095449501
23.2950052445679
23.4389232593924
23.3081112235252
23.3747512971975
23.2188891724262
22.8914625705956
22.8279206028436
23.1295883145756
22.6450113034403
22.9895983005547
22.7733828724993
22.5653970332348
22.5851779835518
22.3613952517471
22.1573706465634
22.6571581696295
22.0858567018919
22.0769391679698
22.1818731033581
21.917426745672
22.1099105316934
22.1142204347379
22.4053829787289
21.7496894062613
21.4550247070735
21.824710771416
22.0323353944964
21.3319909646593
21.5624608237942
21.3779774119506
21.5786033674363
21.2760024841276
21.5225594072723
21.3708687571734
20.865605160535
21.3572263630345
21.0178497065583
21.3841777536532
20.9813176431114
20.5936376226413
20.8971366548425
20.6815351828562
20.7723739640861
20.6276461342639
20.764947715191
20.5639353724423
20.4915335558625
20.5079468529612
20.6387403372053
20.4843418437802
20.7494088481328
20.4099104040699
20.43194831823
20.7824062140038
20.4331727937892
20.5669979786494
20.6345979368374
20.418049988738
20.3303876148437
20.3927050090231
20.771422496158
20.375869246276
20.3284953564616
20.6408693945943
20.4487399002248
20.37731709748
20.0533662236959
20.5948771835593
20.4540271683649
20.5693460354876
20.2098977610812
19.9803854477539
20.3515596270754
20.3520050033522
20.5544686397162
20.3114134331344
20.2205657693771
20.0079827809633
20.2028520459973
20.5379396062102
19.734982238514
19.8907178992024
19.9792799822098
19.7679016715217
19.5812081906575
19.5336417031573
19.7878884619818
19.6356901110854
19.7791868757004
19.4915114329027
19.7053794634095
19.2790889605431
19.7521449959003
19.48847958982
19.6580218416028
19.623509893895
19.4854390633439
19.3872243973962
19.6248306140157
19.1928067625315
19.4593982789262
19.7639931840547
19.6886566404433
19.3225951154597
19.3266754346182
18.9800218206743
19.6781892551386
19.1287754453623
19.4380498418541
19.1664261913516
19.2013555504916
19.3907220183357
19.2553260133841
19.4816741939889
19.4002335518123
19.161330809461
19.2151391745758
19.1576150487126
19.3723650353785
19.2525290920709
19.295228033179
19.2118595367423
19.547953452991
19.1889959068106
18.9690547624837
19.2075494924736
19.245287925828
18.9643303228992
19.2626252674709
19.0633019105427
19.5596054301523
19.0503589007942
19.1495717218293
18.9426305604665
18.9263458902175
18.8117949403707
18.9972516161741
19.1164003419542
19.1282939827749
18.4123967731431
18.8638302381015
18.6040806265393
18.6777737188862
18.9644511541827
18.8405769631662
18.8814791338013
18.7810010773273
18.8420879043894
18.9071528336572
18.7419644458703
19.0393446854897
18.9186362909519
18.7050378383123
18.6622540693897
18.9548706084673
18.6617096047518
18.774632121052
18.5363965312178
18.9298697216246
18.8143480587721
18.8727433205257
18.8602484446966
18.6232028881861
18.917578642985
18.8459246079099
18.694305257317
18.8185349675943
18.7229664733453
18.5694598163833
19.0681202521508
18.6382146276301
18.2916962884573
18.5643374073356
18.5939007302592
18.196919722621
18.5050742136055
18.504979422833
18.6259768060913
18.5981052558623
18.7634445681985
18.7088959461633
18.2113022116717
18.2046062225575
18.1815669482472
18.4672836175502
18.6115251266276
18.1012761205195
18.0289092702348
17.9281269844472
18.2539234568809
18.4237246393867
18.2105867434753
18.188723620945
18.7789499614775
18.5717219209687
18.787994777227
19.0748787018404
18.7144502535911
18.9294462605199
18.9084752963524
18.803183774946
18.8585290778907
19.2504267553314
19.1028474893523
19.2183296819726
18.9509705620572
18.9596084863367
19.0717912310859
19.2012418466666
19.2803192994456
18.9502177173169
19.2941316200579
19.2116455563273
19.0918158542171
19.0070870905566
19.2149135065238
18.7433873785723
19.0848172984236
19.0542761143182
18.9498266050151
18.8892434057493
18.976549545259
19.040619237761
18.9601807222963
19.2055401810071
19.1827146498433
19.0041471378795
18.7426848085556
18.7207673414058
18.8897620082812
18.8586167743659
19.2097762946958
19.1052896867729
18.9975590860208
18.9360434205705
19.1413663720855
18.8412066845277
19.1454211159507
18.927770372647
18.792723696732
18.990148887545
19.2312040920897
19.1846580501647
19.2986710916249
18.6933294996205
19.5653077710206
18.994142575125
18.9702532399547
19.0145511660459
19.141403578807
19.1555728443536
19.0059856143881
18.9715387194639
18.9454104121656
19.1769732780654
18.9901912328109
18.9850911470197
19.1367968098887
18.8654600686622
18.7795050110892
19.0267199357817
18.8530560527729
18.8064645399168
19.0019320062993
18.69041858492
18.8436981186888
18.8603834761327
18.9358844532826
19.0709781504041
18.7909767242654
18.7770065983817
18.575650775556
18.4972426809769
18.686147976764
18.7303543305843
18.4950928847228
18.5087090374889
18.5572174622614
18.578178459847
18.5453032913104
18.4561991194246
18.2965792226834
18.3686198079611
18.4911518389286
18.5390095768511
18.439981429769
18.4615382707971
18.0320050451242
18.3365830069632
18.0783991513157
18.0910640374888
18.5384567691987
18.4544861439333
18.2375699867222
18.1571198018328
18.206081670745
18.3191288575148
18.2127403933322
18.3087686535565
18.5783551794381
18.3438678143072
18.2265612221036
17.9672967701687
18.4435152914178
18.2118772515244
17.9278653553492
18.2618193077553
17.9649269724659
18.1927641049219
18.2742929067461
17.8143539096365
18.4260716485
18.1044289163796
18.375895212707
18.2640718179413
18.0004888417243
18.203391022994
18.0476354204639
17.5379338691907
17.5291133397064
17.926064494614
17.8938015644657
17.7948969748842
17.7101632700035
17.9163003568855
17.4409988845284
17.7656856577183
17.8365407705244
17.8015729138176
17.5560775259966
17.392890801135
17.7472288116787
17.6819288960158
17.5526187688221
17.2695839330179
17.4478739056593
17.6090164306733
17.5852754943763
17.5765627488072
17.3482642902023
17.3727133650813
17.6919904881106
17.647851739501
17.406084134681
17.4368984301043
17.989445393251
18.1731475669116
18.4268207798757
19.6024694582479
20.7044179340153
22.2355847411976
23.48842709491
23.8433378235088
23.8942955042044
24.3391146008996
24.0833043990228
24.0237195207574
23.9416961011376
24.1136081786215
24.0987996136878
24.1186231409885
23.931671740191
23.8158397003845
23.7677904075864
23.570982721355
23.5563425442194
23.3537253645799
23.2496101258826
22.8033625594985
22.5803108617542
22.8198346921424
22.6467980597037
22.3650424398171
22.1230001080414
22.1437653939245
22.1625842298468
22.227406430103
22.0851857151946
21.8117876498404
21.9422643417468
21.7538294132088
21.994450597823
21.8250442458839
21.5673012892538
21.3460088045984
21.2437471025764
21.4428339135427
21.2484683479966
21.2814111567254
21.3517978239318
21.4183678950811
21.3268261178008
21.2589911217364
21.0947580968912
21.1859581328676
21.0202296902173
21.0867808313233
20.7847607711633
20.9423001411465
20.9038359344179
21.1444861811584
20.8946074502546
21.0603684134121
20.6730015688148
20.7639299249562
20.8150968291049
20.7714445612821
20.6653016358435
20.8342486561481
20.7098815272121
20.7721725802217
20.543527100244
20.5254612444456
20.4126965464977
20.6069607726586
20.3807846446034
20.5144855310277
20.2681493736292
20.7622239514744
21.0845526219326
21.0853212012794
21.2785002117694
21.2872118743655
21.4806955994142
20.9365660854089
21.3056904401026
21.6497940634157
21.0445409466037
21.214342950518
21.213468185885
21.4140764936834
21.1785480110464
20.4900336874526
20.9040649108959
20.8048777710072
20.9239234892243
20.5296405295597
20.920316380901
