0.50885243027576
0.315042714080262
0.688271098176738
1.09985219450288
1.47182163432586
0.708371359037699
0.661779304410906
1.74318803716624
1.04854342784407
0.89478920969684
1.12135431700075
1.02203461708599
1.40609120697665
1.21702735328058
0.837160825414038
-1.67101456246745
-2.83986125477297
-5.7926962629457
-8.32394972956021
-9.48626569179472
-9.17178254301359
-10.0925744102371
-9.23489762317765
-9.85728544199882
-7.37310545521422
-7.92638221633043
-7.02881050027026
-7.01868172193269
-8.35660045595549
-7.83450080844042
-7.41897794096021
-7.6277814498668
-7.63345257898656
-7.44181091979191
2.29191956721554
3.89353888746906
3.6540537739615
2.37193755118323
2.32854471430442
2.43176592330552
2.16558025334683
2.26942780936685
1.77122679477733
1.57703134031766
2.08838817544577
1.45180517268266
1.98036294578509
1.6373850493433
0.793922428828076
1.95328493204183
1.32051176164523
1.44249669287982
1.3736050076389
1.52150462692794
1.61755939844819
1.42078551749347
1.14105118778267
0.705190447642213
0.941295135363106
1.4259894743276
0.899676546867492
1.36710216153845
0.913417522496463
-4.68845723002264
-7.08738373566251
-8.73202643925158
-8.70929877626646
-9.66359617367804
-8.89004817827797
-8.27259397311382
-8.06507560713781
-7.70915612825164
-7.86093440966724
-8.21434984172119
-8.09034416241225
-7.11839440699047
-6.64556994315369
-8.31534038445799
-8.22318455601341
-7.85970408586674
-8.00519269420016
-8.56505893661372
1.44989221225793
2.75077678328032
2.48978989337955
3.18872779757815
1.8222420910733
2.0172739009674
1.97711426319174
1.90452856403063
1.08315305843129
1.54137668098772
1.70949042067004
0.733233508220223
1.79332861143699
1.40412474680187
1.06670418227203
1.21021651179501
0.468204163353089
0.7619642966805
1.10001725716164
1.08376505742538
0.411301107544794
1.44620065687019
0.960639163302775
0.735747530479583
0.858915788420469
1.09609316460591
0.718021052247605
-0.176926236908036
0.69908137851758
-1.69957131898088
-2.82064791313583
-4.7304006114381
-6.16039183937161
-7.24937332050712
-6.40133170364546
-6.88341953291082
-5.96119544048288
-6.13448702088467
-4.12711591155894
-3.34046136718285
-3.35879541369654
-3.46688251003293
-3.41771566528872
-3.73252498804806
-3.55411806988896
-3.26456294194677
-2.64245045008273
-4.66182791980744
2.06656992138535
4.20901367006419
4.13542442009758
4.55439984370954
4.33746734554662
3.77008521794549
2.5007365654186
2.5845044404885
1.93923923397343
1.0265776135427
1.62845326723263
1.00093212222873
1.73809122938508
1.77190443802442
1.78687553403842
0.884731591752227
1.07325805482039
1.5565211752356
0.878447453226166
1.08637705626294
1.07538072321
1.60333384700686
1.01314166273417
1.16906438794158
0.353110948651281
1.33064658510459
-0.0353454479623758
0.720907303511883
0.967428928379948
-1.6400577359437
-2.88693122424733
-4.87279910355888
-5.4747283208396
-5.8698659499033
-6.25884115356697
-5.42992151652794
-4.50373598888651
-3.70599633851109
-2.83538179871847
-1.96420676310441
-2.78382998205415
-1.39478735212156
-1.3247733614529
-1.3175906330867
-1.32106866838933
-1.38812739540473
-1.14473294964847
-1.56785529771652
3.40880859691938
8.1678947710297
6.93160772115971
6.14829689205847
4.30172574936171
5.14825644378752
3.79535145446824
4.53923844804594
2.7184511418023
3.28521492593431
2.55653271233235
1.92722936422031
2.35463205103354
2.15004986894884
1.48393780073393
1.83360286998967
1.94855356306499
1.55435322276466
1.75166790740854
2.27257017067268
1.20472273590504
1.37390039107577
0.522271303600202
0.811788425578736
1.00524733788937
1.17706530356767
1.16047218375516
0.474411352104899
1.32162335007106
-1.46688775807887
-3.0586253076453
-5.15137021298128
-5.28790582482082
-5.38158104748643
-4.5257746424404
-3.29063063171383
-3.62020076905876
-2.7785047062007
-1.98158591098881
-1.0491948296433
-0.330248416116334
-0.360009865167117
0.362478907151471
-0.400996136995052
-0.251974937784195
0.147724575909366
0.476386082850404
-0.100497403275053
3.62502216370878
8.84466340716937
7.71699399862458
7.75042085152877
5.88716976951142
5.99008199290343
4.63294936288545
4.56835311984784
2.98583029021239
3.44999885016554
3.33775122263409
3.26619983949817
2.53329476906899
3.22128777265903
3.00675921997394
2.85790878471675
3.40673929967681
2.34869653345826
1.79906325385145
2.19512049985706
3.01130408231927
2.69881356909892
1.60280422096515
1.71459231201069
2.45783123311706
2.15108674618948
2.15917443999374
2.20239631564665
2.45430131967216
-2.80260901577622
-4.07242397128536
-5.21594554611788
-5.3082738986941
-5.34510256968984
-5.72223461032092
-4.39347829381079
-4.62311003081208
-4.57520709428827
-4.47498718774626
-3.47974903928691
-4.82521325965143
-3.47411871106805
-5.43226748847459
-0.787157167713495
-2.45715453603135
-3.73289284940731
-4.64514879301304
-4.12610739334815
1.56021581179152
2.03209151758603
1.02528234438543
1.87778013327268
1.68354922291654
1.85783796710708
2.01314899609833
2.37418550355766
2.12269449579724
1.30143012253427
1.51301790544107
1.08826159217906
2.14998362245432
1.73875671232699
1.41590593967569
1.79098473262273
1.51150637113785
1.68087094414529
1.33299599948436
1.28302034451336
1.18633630583878
2.12285155101088
1.51011667309401
1.61273573312364
1.28652762379883
1.78999319946508
1.15071449649437
2.3816873466656
1.4917083211541
-3.298851559128
-5.37099403814542
-10.3567032169574
-9.86035727756763
-12.0128882459578
-11.9941695415003
-12.3059332487742
-10.977588920255
-11.3005310994465
-10.8579344431337
-10.9064807578361
-10.3619111847346
-9.91352931664684
-11.1328310056993
-10.0862069192023
-10.49915614276
-8.04928829498284
-10.8070878668483
-11.372259041865
2.67732754485064
4.70738759886697
4.30857300658607
2.56697174928891
2.97741165793021
2.22840173974402
2.11357624843624
2.136148433735
2.16304958584834
1.10816596256637
2.15800566429615
1.30880630042111
1.78359956756887
1.50371830541607
1.51699419328588
1.23370154478539
1.2831206043361
1.78973654112343
0.828492667150015
1.5298902094595
0.948691645445741
1.72123131949328
1.09799868046714
0.690681757936088
1.20286222107861
0.935883037597996
0.868076439285479
1.68643991657167
0.830132355207907
-3.79672349574653
-5.61624869591432
-7.90890701524935
-9.76163441987542
-10.5066874439373
-10.9274815242322
-11.3688486836526
-11.1790758929373
-10.7767063778979
-10.4084214813144
-8.58464301691977
-7.82129497990455
-8.70672829210288
-8.60069549593451
-9.6091741468196
-7.30412572215299
-9.94914470181916
-7.56158037854818
-9.4956066282565
2.79229615289092
2.97731682092767
3.11689646394943
1.91066793775117
1.7942579412565
1.86962563901266
1.42309206796161
1.2421740384099
1.7482444295439
1.68105184851061
1.2041461853085
1.63872501583671
1.25905488680858
0.959263095195356
1.85643589351839
1.33494513855125
1.3542876654915
1.61986803731988
1.27828068731747
1.80620037208463
1.44882068019427
0.832554038333117
1.35209728411578
1.4791088574026
1.10517129829342
0.902521004060122
0.56574692740391
1.40277422452466
1.44492113018934
-2.60102676097296
-3.37133008708474
-3.9717902492131
-6.34315360223441
-9.85402658172607
-10.6620013569269
-10.0222188518547
-10.7705144087394
-12.0487028419836
-10.7289109078576
-10.9287185259943
-10.8321861103609
-10.7833036966761
-9.27655553835172
-10.6301058183408
-8.71930748172257
-7.14833167752872
-9.63677770000538
-8.80175646967329
2.71334158748644
6.24887433260093
5.75756601380949
5.42285154281787
4.90967196711595
3.15278358756549
4.44580954904038
2.5237482242574
2.93469061586342
2.28790892736715
2.57194474049454
1.05595985369073
2.04771283751563
2.06519387673792
1.8909278679367
2.12771169381309
1.50100153530926
1.40497767509542
2.19314442914867
1.85892211574271
2.44808225324262
2.224177203645
1.70507323148267
1.8207351869421
1.59250593178783
2.01942695019492
1.51359754257904
1.09563396278778
1.50878449941995
-4.25544701655929
-6.39410370360963
-7.05315669859082
-10.3083176547586
-10.4940499305281
-11.299113424973
-11.5371381508069
-12.6237182734721
-10.3455747217137
-11.584783159466
-10.0551936200903
-10.3102821738498
-10.0997207458456
-2.37489740448071
1.58635738659689
-7.34602296287212
-6.79913861720185
-4.67757430403914
-0.26148942077683
1.98226557592541
3.1299194812638
2.51875458135215
2.42857100976879
1.79939436524285
2.25880857739886
1.78178885460614
1.58791445787765
1.95381588889987
1.89331192902974
2.05358409438341
2.27775295812922
1.99341356673169
2.20560303580161
1.62564991830685
1.22970124167973
1.99165495063053
1.67617233825853
2.19616845440428
1.39827644277711
1.38247610625498
1.76472968470766
0.637670105066656
1.19528888537401
1.19815951253203
0.990218529797557
1.43512332619945
0.854055461181474
0.247668652183293
-3.45704219551356
-6.88805744596782
-8.64787521788484
-9.52656689596892
-11.0919518571454
-11.9057807972801
-12.704676786062
-12.0103930573845
-12.1740104899522
-11.9435627527533
-11.6734438158722
-10.8995871133433
-10.2606343333701
-8.8445249526464
-7.6720255403813
-7.0514180153283
-7.80952775112738
-9.69880573087721
-11.3670908581568
3.09647860612828
3.32505455801531
2.63416044239841
2.01256395119168
1.85054734984104
1.77718869693986
1.75538000677811
1.99030250939517
2.2374166337847
2.04327673606122
1.65169509258097
1.94053911715865
1.75088138231535
1.28568389843942
1.51339088646563
0.681004426547621
2.00516430820652
1.0650836125373
1.66034426441643
1.03211370333952
1.2142923910989
0.973554617064624
1.55478634642999
0.86676741934433
1.17133908456105
1.61755080230725
0.318727619038945
1.28096840815551
1.55769762271493
-3.67960502972887
-4.32883642832204
-7.21903421861703
-10.9733811205068
-11.7416140724935
-12.8759892844796
-12.5353461084119
-12.3427704028238
-12.6596609735046
-11.2894165539774
-12.7580068333763
-12.8964976545644
-12.2953626089704
-11.5190180389683
-9.40188471107732
1.88354747092413
-1.50813152374941
-5.99605798344338
-9.81769828854008
1.96279173181832
2.49261994444145
1.99486290486116
1.9192789073362
2.18365079616356
2.31739374934729
2.07686970521776
2.32483183536165
1.35314372327649
1.62718603560986
2.02831374354591
1.89626640489735
1.35061399413399
1.63561950094526
2.10562319887613
2.10025881178264
1.19646507316638
2.25323883506264
1.22081462633209
1.33662226688438
0.866606315990819
0.900134234996245
1.03266067274526
1.64176912625882
0.820115509319671
1.95964303221032
1.30275082786144
1.6997135960525
1.24557301210867
-4.91514991602177
-6.64137433244547
-8.74587881002054
-8.17473519343589
-9.29286844192935
-10.4550718501754
-11.1580929904466
-12.4600939484876
-11.0689070999499
-1.78974043198709
-2.66182979697887
-3.06939882913779
-6.22836729796118
-6.60739647467774
-5.20807553740105
-6.04233125942203
-5.28734397231206
-5.96986777851954
-5.10239796699832
1.75137013478149
2.11167860295811
1.29336302547298
1.34385989582092
1.73417202953044
1.85070676021719
1.02773199117028
1.55149395449664
0.615878230775164
1.24850247213575
0.967985933379239
2.04697550878805
1.73967455876004
1.6806551612066
0.945914120149745
1.36982816914836
1.62137100111201
1.12122377037837
1.25958978849386
1.23005970519942
0.762274018995714
1.16860354244321
1.34799578079851
0.824193956083455
1.46577531523551
1.21385126739315
0.953777329289146
1.59980917340922
1.34388323971784
-3.5745483776178
-4.72253342596006
-5.04417897940002
-5.86473289443976
-8.59699707320013
-11.204096664595
-14.5539930052753
-14.1371879428646
-14.7252800287658
-14.3813125800301
-16.3433009781197
-16.0550147741537
-16.0530949051672
-15.0139662597399
-15.5539415435277
-15.6146337264479
-14.5505483934766
-16.1253977333751
-16.415524918867
3.59402879273503
5.93769658675809
4.26486884665741
5.06263156325627
3.33789046259441
3.02269015516378
3.6370038927407
3.288899921594
2.59835172443723
2.90111606573925
2.89827006628334
2.29704225543433
1.92323134216243
2.10893278812547
2.60801615452136
2.58242193996669
3.47464184835983
2.43101529346408
2.0730232629878
1.94106195928986
2.17881055669708
2.87873849115717
2.18000524946825
1.80578915839996
1.73977861233067
1.83943518532694
1.60540181259899
2.23675833842347
2.15272810667199
-0.0883990928042482
-4.44084778282695
-4.14410134175153
-5.49602965669118
-7.90578826269702
-8.6247628133946
-5.08215815320408
-2.93382776261552
-3.82733519203432
-8.61971642630129
-4.88638109569052
-6.38965276349624
-3.26895440017591
-3.46863339169411
-4.31589929782459
-5.94482059693299
-5.30425981468615
-6.25025654770953
-6.28359058345325
1.17096396922584
1.79390327588084
2.16556984655409
1.4551131129118
1.12507499642874
2.26152683074499
1.99659250275973
2.55967733353004
1.6854656347705
1.65764510256153
1.73077851689371
1.60835330067036
1.52899544678544
1.56549378389197
1.64148087742681
1.66803240609401
1.27220969350664
1.44194391597495
1.35706788611012
1.34113490464228
1.3234133496125
1.50564367315521
1.96851177931835
1.55549593605171
2.21108110973754
1.02218229407234
2.29057127756188
1.69865849099225
1.66222799408141
-2.66561358798177
-3.53458430411998
-3.72045488950782
-4.14279262011173
-3.92595868989631
-3.9467250644772
-4.57323180928853
-4.92061281763985
-5.03518829760938
-5.95908574949106
-6.26047958746892
-5.34861852573636
-4.92264980247071
-4.82252982574417
-3.44318188853512
-4.25900987201322
-3.79672637038362
-5.41545255258277
-5.29337105533517
1.23983470942312
1.73004443535047
2.51677685895848
2.30698594662902
1.40293702808511
1.25112607365273
1.62828026354289
1.66075779011785
2.20039747781326
1.53838110809181
1.29905823389663
1.62709197977413
1.21082641135988
1.14723060184424
1.16766840231923
1.18342123932198
1.72196497730461
1.11226189532375
0.305400653543125
1.87605577079
1.52775620262464
1.69908532638871
0.878785408499054
1.26219480509288
1.71804234835939
1.6156412811871
0.907435905618655
1.08130392921599
0.706654917187663
-6.04438197938145
-6.843454970625
-6.86746501684362
-12.6573323802766
-13.9456173305113
-14.8888617990653
-15.7156401161154
-15.4866857189441
-14.8983341996815
-15.598950220345
-15.3375511144081
-14.9915042860229
-14.3359413320704
-13.6147928156765
-14.0611781832913
-15.3178673481941
-15.0033370589199
-14.8322397401332
-13.0610006619244
2.70266684112073
2.98335106691079
2.9284501442229
3.11490486282687
2.79357870528063
2.47839330075526
2.88650822592452
2.38397515597472
2.09960880242483
2.60718676027481
1.85990751695882
1.87104330876696
2.46647006294195
1.20449858425343
1.90170709944482
2.13827730281062
1.13021961760714
1.21069697256985
1.73388626505725
1.87939664713898
1.74792212423598
2.05818697150582
1.60608739057213
1.70743808166336
1.84217544737298
1.65660792551245
2.56226037206229
1.86742479462128
2.16898074462391
-6.51266319292806
-5.72876004921546
-11.0291932937677
-10.8457704492485
-11.7003741478928
-11.9049836908436
-13.9175805445385
-12.636635187503
-13.0861947657645
-13.4784323355669
-12.3891837043136
-10.3828703002296
-11.0478956996657
-6.93029387787941
-8.81023525659292
-3.83656641000471
-6.86105374479792
-6.52459304579627
-3.03697281916032
1.88946883783343
0.897279491879165
1.49817139438953
1.19528340769588
1.56554778629623
2.30164591125781
1.83089651754348
2.13632801010381
2.47516297264699
1.80970331014323
1.92348025358801
2.10064462052356
2.23757405586422
1.52937180039922
2.32603311130407
1.75931416886715
1.49257126464404
2.03135624670704
1.96106520167151
2.02434171126664
2.08048924148649
1.15059548166315
1.77630519982771
1.90181010972724
2.01325374507643
1.9735663854738
2.35622306193643
2.18822966647019
1.44964082232259
-1.18274583039751
-2.88081052647935
-3.50906397646117
-7.92523579146304
-9.89528869773553
-9.16150782065494
-9.21349993569664
-12.0281684839091
-10.8735958713801
-9.80458347862455
-11.3029066143652
-11.2248972851467
-12.4656518392071
-13.0091366013841
-11.7466297840026
-9.68987259872022
-7.64227616190543
-6.8418550618589
-5.9339181593481
1.54307296422487
2.41196267364736
1.84741267574328
1.24679553756403
2.20298856360098
2.46397339228654
1.60571520148145
1.23329121381504
1.46864515290827
2.15157430776475
1.81167566087175
1.97573977987974
1.74309259276874
1.44593893129279
1.79635604042202
1.96246818348796
1.65930816141883
1.95592610606387
1.7968952379209
0.901709971326494
1.57344089680487
1.23724698673859
1.74875032240992
1.94119581528793
1.73586358385881
1.85176437784437
1.49129990388978
0.936557658280801
1.71258231853687
-1.28855203906067
-3.69732157720466
-4.78674590658991
-4.89227805461703
-6.08172407732603
-6.79881071467892
-7.44281506509276
-7.40214609388774
-7.71744442572948
-9.6467019614194
-10.8167992430751
-13.0797490606049
-12.897078813341
-12.7485726282775
-11.9425613272341
-13.2100272170141
-12.4750285233697
-13.2146213081562
-13.8355719944144
1.90264535620805
2.81934605794464
3.22346486931045
2.55967877627878
2.00937102413898
2.45652349864598
2.73441124280583
1.98255136346258
2.38896250941292
1.73803064742951
2.47952310020239
2.07733542315182
1.99863147237789
1.42066845586017
1.57602041794168
1.98518291075867
1.44102905328012
1.74312790123977
2.11743966848743
1.70214185240732
1.70459941447223
1.96675429980882
2.04019293461572
1.74093753174594
1.91615945741136
2.27241114964545
1.46545983455447
2.21279119737319
2.16668602482885
-8.47173669633109
-11.5311675901932
-12.8650732139025
-14.1370224414742
-13.919383717955
-14.6440319409847
-16.2067243945658
-15.1917930085697
-15.1934045518448
-15.077850533844
-14.8721985867517
-13.4753946930617
-13.8670363535113
-14.8392511712655
-15.3076238728664
-12.7268740394394
-12.6695482996988
-15.4932120421602
-15.7514023672192
3.11693299435141
3.44147632322602
3.73458051801753
3.61656232753498
3.31980670076473
3.33731376402778
2.19732137568053
3.48252189464629
2.53933629001714
2.05178515967174
3.00322294963985
2.563203219979
1.50717668143301
2.77547101736354
2.16575931910123
1.87794659873796
2.67959708669588
2.67045240983277
1.65455460573032
1.91498599179231
2.06699984121034
1.75855586083535
1.76109287938928
1.77459534029648
1.76229821048442
1.69690520037005
2.15222619490565
1.49563327787467
1.85555983045218
-4.21548514882132
-6.44597697273645
-9.60834494175188
-7.85052740727869
-12.0784426508332
-13.7873856060711
-13.8553247618247
-15.7469379752714
-17.3148608841944
-16.1703664057159
-16.3851421864733
-15.3298570541038
-15.9435825319228
-17.158655276654
-15.651620146274
-15.873745609709
-13.8801905417256
-15.1309702018719
-16.0711319207887
2.35998822657714
3.63457481102085
4.37586758739643
3.20135164725685
3.39610434917152
2.99876809771515
2.21592637222143
2.2654136066746
2.96398706443224
2.09680655184776
2.14106095775446
3.24064465028973
2.91593423203104
2.17285171843464
2.82362343674907
1.91255270069294
2.79458285144458
2.57948336405884
1.65798836131058
1.75555117645454
2.32493453089898
1.29355413728621
1.73944445011884
1.62436899960786
1.87592774242318
1.72182060251504
2.01325000640513
1.94891538889564
1.88681930963565
-10.2541898295602
-8.64738274628854
-11.634060200041
-15.2528565979344
-16.0545974739067
-16.5382516124591
-16.2851923257799
-16.6609151777465
-16.1678065349166
-15.5672442239205
-15.8562348093196
-16.9064715197354
-16.103413656436
-16.5263612870327
-16.1174491194281
-15.9867684027744
-16.4814961170282
-16.7002082117504
-14.9035972876563
2.88492434370159
2.90039223740686
3.83126816067377
3.17013514468557
2.84129326518251
2.91360585255047
1.75678445523354
2.12369231361492
2.27224115595309
1.54498110957904
1.66402531072795
3.08508515639911
2.19197558837218
2.16429355536292
2.39115093977847
1.81787614323342
2.10108504261186
1.47807748235881
1.60850062997617
1.7774414330758
1.97665017362093
1.53533533070685
2.62222716152194
1.41448908896959
2.36084577602128
2.21603120304954
2.26838912745234
1.49233353929532
2.83674707993232
-3.08697506100129
-4.25362409690395
-8.12169280226068
-10.3448867832362
-13.0433364906753
-11.4949877335697
-11.6850416573993
-12.0903504141578
-14.8990581455149
-13.876703870384
-13.6903552281167
-14.3087185685687
-12.1523557752053
-10.9981062631931
-10.6204565414694
-6.07382635673569
-7.51136099134334
-11.2853788466393
-10.6141855285235
1.5662601448423
2.77832540112767
2.18241959805551
2.6533171168287
2.85009480715747
2.6517426079673
2.39892709761563
2.35252881188659
2.44744557727269
2.02539913073195
2.53716152858723
2.13923594963025
2.01645848721798
1.47472888947121
2.08183377065779
1.36192285895279
1.53404273879444
1.80409608860557
1.88485823220009
0.917638499319397
0.880696760374372
1.65784318060988
1.37375780634772
2.38333087613444
1.66934872721994
1.49148060283872
2.1410758376265
1.44585639747518
1.75477327504936
-5.38804039075557
-7.03565684649615
-7.93568299784522
-13.2284694739208
-13.4873463635078
-14.3993153923259
-17.4948607772139
-17.4472935506478
-16.8429721620433
-17.0734545074292
-15.7469353779007
-16.1429272234103
-17.0075220884486
-16.2991433647623
-16.3454546184836
-16.6123424805601
-14.3478017996276
-16.5567635494698
-13.3076072979902
3.18730603433284
3.34857278812639
3.17286347606846
2.38954496058896
2.44831370168174
2.29910491266236
1.6955018898563
2.55073818925033
2.22077855986348
1.86308020692393
2.54149819996149
2.06985853886125
2.63551158167646
2.01540969531409
2.05180299694402
2.95206434784932
2.2232872893562
2.48432686131219
2.32252942760553
2.75317603244465
1.99154524414521
2.02287980473258
2.02371762208117
1.39018611796225
2.26555304247118
2.69133434128377
1.35697704754965
2.0836151109136
1.78792255962607
-0.756026416301255
-3.90565559543765
-4.57525637805171
-5.52659274762477
-6.39016266396813
-8.99775499113622
-13.1666782574592
-12.2982206962414
-11.9889352244617
-10.1554366562931
-13.3006845978016
-13.9563380623202
-14.265061875409
-15.1930893815718
-17.5891961508612
-17.3676561690142
-18.0182885734396
-17.8268008688216
-17.8904579873028
3.43107823350329
4.14796530338905
3.28702915308752
3.57414853352464
3.78096116637876
3.69494468995649
3.62317000827215
3.09001548087358
2.8541627625919
2.60252410217983
3.11073953050443
2.48228815599042
2.56293247303359
2.9151638956918
2.30989979722324
1.73290707685527
1.91369299063233
1.69671846985625
2.30384393672458
1.8676332500848
2.55835613770213
2.33705444734318
2.00754362699238
2.30606354463786
2.15352842693887
1.62028861723146
2.12370124250585
1.75859234218923
2.23343396522774
-12.5906888945155
-13.6186082513345
-16.900543504339
-15.7119343763611
-17.8601484622828
-18.4762950532077
-18.5729179724238
-17.6701228875467
-18.6883466090951
-18.5945268461923
-16.9765197964269
-18.4054965027619
-19.6053152569018
-19.2608541437179
-18.1260146043292
-11.5485173557378
-12.2255975353952
-15.9463877208584
-17.1982605553016
3.06980809633532
3.94126492118406
2.98590516816307
2.76021190994485
3.60567849049853
3.7579610149965
3.84634171865625
3.02295487727511
2.93401755131249
3.07147597947622
2.74861149851733
3.44632973829491
2.52809660728731
2.14478123181724
2.52131471340247
2.69462934495783
3.22448637903503
2.09477217124265
2.83055624579792
1.96806409964315
2.63144062150567
1.87399790225564
2.59592287534223
2.56486362673763
2.7208624237154
2.97997931697436
2.99137425099619
2.26295328657434
2.16392524329799
-3.12505704188821
-12.0255299659144
-13.5400717011466
-13.7278648791569
-16.0004941075441
-15.4975768290886
-14.9651717259626
-15.7951875640707
-14.7170585967019
-14.9796215223856
-15.9374519571702
-14.5059738492973
-8.20250902338993
-14.6275619876288
-16.6136938791194
-18.2468333940041
-14.0659979327456
-15.6412625225023
-8.73261928365332
2.84906324098239
2.35932036227364
2.75400679677993
2.64128028032525
3.48604779812579
2.12247231502852
2.5968318799616
3.30326420142366
3.06494508602988
2.73388204726357
2.57103849316474
2.51060588758937
2.45367719548953
2.25234133215963
3.02083630405255
1.90926766583777
1.51502440838968
2.68152824035509
1.48300789777171
1.56791089790451
1.7375792992147
1.99191703600448
1.66303607374198
2.28584526592121
1.37227589729435
2.02457993250553
1.78142314896404
1.78195035988742
-8.81880477207
-10.332802722238
-11.3925827278681
-13.1512994705254
-15.8902110883434
-15.6269941201949
-17.2340684925678
-17.3467168655079
-17.4091212709015
-17.9306536530058
-15.6952490808879
-17.0464742243617
-16.5070437726979
-16.2927060037819
-15.9716441905235
-14.2697919570822
-16.3816787511351
-14.6333434786295
-15.8637034281861
-15.8965521494657
-16.8316805279207
3.92070937055429
3.83847353422731
3.91213900330122
3.68096816476094
3.23807472943756
3.17867716355308
3.01649263659407
2.1496437917498
2.23570929190087
1.7064767888348
2.38013120474617
2.26434249732948
2.24805867453381
2.51207619047451
2.19505965496175
2.17576360584798
2.11692130663779
1.41624877356944
2.0758805950457
1.85546534767603
2.59484679893364
1.4616650927525
1.70252063710045
1.88365183235879
1.67337616091871
1.8309683643501
1.20157910542474
-7.15910199096351
-7.66493499714259
-9.88773462749125
-12.6810381563597
-12.8704764760294
-16.3811103611948
-16.1025306820993
-16.2720082317294
-13.9530586565559
-12.1207945247145
-14.2155400118143
-12.5846206591195
-14.9342834290976
-14.7806211537452
-11.7792709836311
-14.4127076396608
-12.1320314498508
-11.8671534787968
-12.4037105674783
-16.2449959435226
-14.2353797523243
2.50328092844117
3.6761955700256
3.42035170429057
3.3431363411147
2.6042098908537
2.00149559115118
2.55134803451311
2.41486782543048
1.79832890633313
1.89480765616695
2.31253284686023
2.35943809934036
2.28087146363909
2.52288423566328
1.73046406834019
2.1289540768345
2.40149149920895
0.938365835681404
1.21467365304212
1.20426414498976
2.45364524820697
1.22680633515479
1.12669534018469
1.37268597254432
1.31686311225683
1.25783985009055
1.47010691636599
-3.81087964497747
-6.0796842460202
-10.3476344453848
-11.5803487093313
-13.1084406449961
-14.5980600906867
-15.3235479305973
-14.2111627454426
-13.9567127267359
-15.8698246933965
-15.8958012349217
-15.0543407144039
-15.4696080171789
-14.937273984797
-14.4551690570069
-13.8497286486176
-7.81081164307204
-7.59829825366587
-9.02850686732767
-4.46729925682956
-5.24956374102217
2.52266144751998
2.2265581270288
2.43354998576445
1.5053738644623
1.66654658790231
2.12560572966678
1.01007290694535
1.69196697715357
1.73490302849894
1.19964515834741
2.5066519332108
1.79021623757203
0.830920372049643
1.98363851817829
2.38605691205546
1.2270060932002
1.70078647525055
1.31956266301201
1.68816822012519
1.36242465350045
1.97727162930535
1.71135937847146
1.45920415801707
1.45434030271308
1.52698324420753
2.06457408414675
1.14234694531853
-2.51847613218141
-4.78328662358987
-6.96864243349189
-7.51834585810723
-12.8254086894967
-14.8643676397638
-15.0715593309438
-15.7297899285891
-15.9043588429775
-15.9285304475531
-15.3348554786678
-15.0619847247201
-15.0752986111662
-15.6060193107522
-16.4397303455546
-16.2637500991687
-16.0147566917177
-15.1982574183314
-15.1188355190337
-16.5879861539722
-16.2738044572826
2.93802535949236
5.67876238684342
4.50501178932758
5.08429167519278
3.48981650854133
4.56131977715342
4.4296155927677
2.77540944961487
3.44093319445902
2.36536642480122
1.71228365535994
2.33685968389824
1.95833591573942
2.2385897374865
2.45687873440304
1.83440112230231
2.57524129579743
1.58763968276965
1.96315135010981
2.01779284899649
1.96947000584695
1.86596545129162
1.2919952891125
1.24868106547148
1.29255539025209
2.03916385622421
1.69466078744638
-5.46268691647223
-7.92504130318053
-10.0436282386115
-13.1597798415924
-15.3157019238942
-16.0287644459767
-16.7100259560702
-17.1448185862609
-16.5503249053094
-16.1916453875516
-16.3425326536143
-14.9193183339093
-13.3125315276388
-14.392121053524
-15.1927077813638
-13.2705240713743
-15.110293688593
-15.4195484118632
-6.52897689075165
-8.28971901759648
-6.64042796565496
3.51062094959328
6.07246538832765
2.9109348331639
3.07602790886858
3.52604482979872
3.63430292711525
3.04777412273571
2.34202155476303
2.56647671663379
2.13340910170108
2.10002230533585
1.78121764580627
1.66048915166827
1.8402344972711
1.34536080006636
1.32894043370398
1.44260203122066
1.97631254293054
1.09690972468065
2.0962827003021
2.20998667346651
1.84682666861406
2.25314308912468
1.52312553628415
1.3745046606772
1.52179804528154
1.69941499506884
-3.50366103950444
-9.95110823220464
-8.67841708627614
-13.0237806742124
-13.7605763106
-16.0691380961497
-15.5507830856884
-16.8814019778352
-16.6826005620339
-16.3066810189006
-16.5987409703745
-16.0994583461504
-15.2464161389416
-14.7699284121323
-14.5394017836527
-15.1998854720341
-13.2654918184814
-11.6006755260348
-12.2528704204525
-14.1960779383386
-14.4140565167472
3.71693415770656
5.80188972964857
5.14714467159373
4.40338208837507
4.55300372176844
4.17757028640731
4.43657497588935
3.07122128049452
2.92067860652652
2.55089871928274
2.82891350477049
2.35930768994032
1.95601835464536
2.42229868654048
2.55051244004732
2.46321607219125
1.59764066634933
2.28944740462884
2.76032125029381
2.00404516209315
2.26351284245566
2.04602479876201
1.48790724427105
1.68369076766183
1.15897363957339
2.15687841348921
1.67560429990264
-3.69559199425029
-7.14901969931924
-8.87518352592857
-9.7498016993014
-12.3721943338667
-13.5089873651404
-13.1821972086168
-13.7444881685419
-13.6499302859065
-12.7160779232583
-13.6239987796382
-12.9317480744649
-13.270794427792
-14.2415781457859
-13.5247383705337
-12.8794951496235
-12.2766793330937
-9.51937544496399
-10.1435408456568
-5.677862773206
-2.91318179576612
2.17907296408672
2.84269626049527
2.83017476641893
2.80057893731704
2.23611627168302
3.0294550062285
2.39103471436376
2.63810020956138
2.85474743620416
1.54829316236698
2.10691428172324
1.40107038747916
1.53639961164818
1.942435635588
1.71805381067442
1.97079910809479
2.57683183338386
1.77665397730119
1.66268618226275
1.68500204097837
1.60463216890811
2.42106302226217
1.90660633302443
2.11660967264946
1.54535744509438
2.09342416624158
1.6359377601672
-7.55888819387864
-8.9152090289499
-10.7214668165282
-9.56496495961573
-12.9246623356532
-14.8195132236136
-14.7850608479244
-13.7765593721087
-14.401278726015
-14.0820205927831
-13.3885839451838
-13.2466631007798
-12.5351009873485
-12.6155077856187
-10.1352449274611
-8.08674863599338
-0.241134137667779
-1.38187280901799
-12.6463853648392
-13.2648557402892
-13.7140531531139
2.27601177094997
2.51722814166612
2.37727314662413
1.91105530415707
2.3788136280935
2.7610014684205
2.4128358195162
2.55667309893646
1.95057154790243
1.658570244763
1.29221482600566
2.11383023467389
2.82165466750286
1.04824953441055
2.08907117757371
1.38097158983532
2.04187433966756
1.9188120075864
1.38556065879779
2.36675689538062
2.05374203061964
1.27302105785743
1.71361271870656
1.28361247738229
1.68553629268884
1.56784675401994
1.30018717596389
-3.72484505561083
-7.94438112064171
-11.4001858167451
-13.0957767794249
-13.6521013845856
-14.7441657215482
-15.2552622288596
-15.5956843671959
-15.0596017319942
-15.4747431054175
-15.3708366007953
-14.6191331651815
-13.6312561894941
-14.5957652765549
-13.6138324312028
-13.0448982813111
-11.5572120219694
-10.6424724736636
-10.6305800002038
-13.6981197149128
-13.5263362345491
3.31796437850868
5.99897864357044
5.06927088145436
5.28905629469148
4.57188334665571
4.04596857783625
3.41044792071833
3.16053103804887
2.77597969427723
2.84160834274733
2.75924321677467
3.0463944798163
2.58095836393017
2.39584994377124
1.40376809821793
1.84801299738672
2.42109756996293
2.39625475342085
1.64425629331241
1.2055164006833
1.41727353294144
1.56414215212377
1.82244079339297
1.66677510942251
2.14215766992231
1.52527068770898
1.85694016425234
-5.34746906440785
-3.58092053624966
-8.53674391428384
-10.8392810258738
-11.7990481793406
-12.4638994963428
-12.4121846603303
-13.1555377781714
-12.7790609272309
-11.8410692070728
-10.4135356807495
-10.8770003439402
-9.69237408256265
-10.026051888162
-6.8300379594691
-7.29640910712712
-6.98247437091852
-6.848515457929
-10.3081233619961
-10.5811100779018
-9.86490927189168
3.81474784438707
6.24042880181085
5.3270607125548
4.06441979042277
5.01930320076986
5.46519337777553
3.42323110745454
3.26750808872564
2.92112816862014
2.60442501226283
3.22377755277817
2.79919448849464
2.44100087917065
2.92154511806907
2.01149009344027
2.08453804087528
2.1182926722489
2.28515192937164
2.27168223059709
1.68035904388804
2.52731935298519
2.61024368513291
1.67134413202467
2.14167151863879
1.83996439836417
1.73004409352434
1.43797324996308
-4.04549967090846
-5.79982930298692
-8.44380600451062
-8.80751955641346
-9.91069174182446
-9.91686884236629
-10.6245814532656
-9.73439094291962
-10.3215083588152
-9.09683715102102
-9.39163979137458
-8.26852295247878
-7.22441060610981
-7.90706059446303
-8.49568201000488
-7.69873880652521
-8.09250552474894
-7.69969787933048
-7.71566673104795
-7.76304310071415
-7.10354620164256
3.66754611078889
4.61240595353731
5.5456929592593
4.98567572221494
3.26516854418985
3.26250300800002
3.39240276464293
3.24843350012137
3.06002051789745
2.99607623084405
3.2918365975461
3.02602094714691
2.71311355380459
2.10183437916176
3.0007381377864
2.73521421493238
2.86301739744475
2.98919458198189
2.58972826182422
2.56347977912529
2.34629510018083
2.93604737130928
2.58801322947805
2.15066939795674
2.29663056671673
2.66854960261875
2.12921688671044
-2.70813225913959
-6.46989352848694
-6.48470144897027
-7.39650705065679
-7.17983296860804
-7.73602746189263
-7.68075215799656
-8.20650038123924
-8.22275682032926
-7.32710048577638
-7.00506193797397
-3.88839443665774
-7.62154664586051
-11.459420650197
-9.58275886367331
-11.3657481938016
-11.8421719773118
-12.7686379404705
-13.5732789488905
-13.9614709626433
-13.2411189072949
2.6432069225286
4.37021439083805
4.20097361372657
3.94168690676032
4.04448107173072
4.29553822764232
2.94024556686738
2.80860547237373
2.16795791723589
2.84822926368027
2.95172338000784
2.50244111816174
2.08323892549538
2.17480342804525
2.34386809568949
2.24917936128321
3.25494727964544
2.81395693949031
2.38564643259708
2.67784553840072
2.72540506555392
2.1396415197968
2.6045991124566
2.0930330561772
2.59100256915961
1.49916318004832
1.9180043331114
-4.57202988700188
-5.05441338766025
-8.13802059534332
-10.5797904477798
-11.7585593167893
-12.4740475334525
-14.9225198392826
-15.2650975530525
-14.1644447285028
-13.707712022348
-13.2091532639175
-14.5745562792096
-13.2241854858975
-14.0257701166218
-16.1488185033052
-9.81639923520498
-12.1833418738933
-12.5094680476979
-13.5478617893685
-13.6792681689768
-12.6304071966431
3.02364686884913
6.25982356355801
5.8551253401596
5.09796002822331
4.80962336484079
4.86804833778779
3.93028897102658
3.92089625862623
2.97434176625049
3.06647260598833
2.67111481036504
2.35829882555573
2.44377959978469
2.41179761176883
2.10087830158517
1.86550501391155
1.87861438556579
1.88639894263152
2.45986997937932
1.74649509302253
1.8733988673144
1.95552211991032
1.76450531883745
1.76911960075586
1.80176396545435
1.35355207712276
1.45243986492503
-3.14077598436159
-5.23585655961556
-7.86206161550336
-10.1401603791571
-10.6154504737315
-11.819435985644
-11.5902720272889
-12.0145769680505
-12.3044176624366
-11.1129450678739
-10.0047488467043
-10.2660670929109
-10.0189388440021
-7.78854781656623
-7.5292081644543
-6.00902598928506
-5.81786836895205
-4.05948897545176
-4.0766334060473
-5.59051964668357
-9.40813602329919
3.60864431222896
5.28111701200137
3.26669726958277
2.9338264177288
3.59373033398523
3.30931619342458
3.28925041942757
2.97368718723403
2.59871174427345
2.63525446777074
2.33286974165221
2.81700872070987
1.40609015618972
2.40029761138288
2.12463396993793
2.04351861720404
1.66909005862066
1.31176753359376
1.91901435329351
1.01881572662408
1.89899292799549
2.0323967290833
2.05982018700525
1.5068896886754
2.27143452936401
1.08421289513759
1.76373207663459
-2.88086249827712
-4.56030214801118
-6.34526035116837
-8.65702710779779
-9.24799782635835
-9.11529395804527
-9.34640076544393
-9.36756889890492
-9.04585790351249
-8.16913148170526
-8.41546497184586
-8.39592450833154
-8.35443111858343
-8.43589893971992
-7.98503596363131
-7.93665346300331
-6.90626971243625
-5.41980095217561
-4.72681357580847
-6.43231434275711
-7.54071670736587
2.9059643088276
3.00135096312055
3.72029947004249
3.19475127161886
3.33745804824986
2.79263710217888
3.0644299017897
2.2995707958144
3.32952075496774
2.81361738146044
2.90026197091729
2.4784238302191
1.50091411292903
2.77958441101708
2.51539262623594
2.51620583217815
2.43279552130526
1.64715136395022
2.06409723815281
2.3438017888829
2.15809904355379
2.27275594005931
2.21679169245837
1.89586217331446
2.6325618161682
1.62518455216349
1.6621891593271
-0.0363907657788869
-1.56302491604297
-0.69232292637663
-4.97607571921246
-5.89169437272388
-5.14717381401774
-5.41027708799023
-5.5514655040991
-6.38793688612489
-6.08840137417124
-6.24568583288973
-5.55937583496176
-5.5644443922964
-5.37806205963924
-5.86760355793758
-5.86969308959156
-5.81657750871068
-6.51731090641652
-5.41759117154501
-5.89438096004084
-7.22249609500302
2.31476825717665
1.99672251527631
3.05887814565957
3.35839134961376
2.99425012807965
3.10042503829699
2.96592882726953
1.7532908689676
1.63986275404077
2.32506548468912
2.76093387867358
1.70190383294959
2.1222641088162
1.73180689296012
2.16322841631235
1.64760295658714
1.91973543961271
2.24588753750771
2.94388957737046
2.24413283720131
1.78557266834185
1.97472700945526
1.80079674533096
1.71784088292273
2.20524078818505
2.26407186486815
1.63802743185459
-1.52958045809492
-3.58672130042727
-4.98135992827705
-5.67244683980871
-6.40772069031714
-6.81569975249714
-7.63310476504684
-7.35345995736963
-7.81478439839912
-6.79324030500459
-6.81715527309411
-6.75718805809229
-6.78687734750538
-6.89396416254896
-7.15462789499524
-6.99834702236807
-6.18161633439877
-5.98319931586465
-6.20883811367822
-6.25691087606449
-5.94465257749957
2.5803191438798
4.68968499982365
3.39897576565579
3.54064436527329
2.74545636757132
2.74063250884829
2.87196737282976
2.73685463965168
1.86600848213373
2.29453096975849
1.79788232354011
2.88214514201238
2.54473478786455
2.32400333504505
2.55128095894675
2.04218701984779
2.26629951899833
2.2416698225391
2.22808845717254
1.95606161330041
1.47238445611643
1.57078531492786
1.3149345611852
1.84679991921681
1.66993192274438
2.14011346143135
2.15160193168155
-1.78236907861046
-4.08753244041046
-3.893789141014
-4.72872487060202
-5.01379843649561
-5.52713865205411
-6.87568972330072
-6.53554689543839
-6.97773305251512
-6.41834628762266
-5.68033563786708
-5.15078650906103
-5.77274436258845
-5.84032189683704
-3.64120775203976
-4.47412292552902
-3.32984096135437
-2.58057651798954
-1.62655835649031
-4.04717478362825
-5.32527962345891
3.84825623208931
7.77388745057049
6.69906731661544
4.95412888208734
6.23585105250801
4.8494026766498
3.79250715143846
3.52055182582579
2.96401416970259
3.20744549371886
3.42463012417223
3.23998737910537
2.79464193960794
3.01020258406546
2.64566502663812
2.7864228945762
2.68450013279146
2.83408120392824
2.04921797768848
3.22622538598004
2.05091842945929
2.85880504218064
2.15388139039123
2.14741270279711
1.81710838877171
2.13141299132012
2.50767765117107
-2.99080267078002
-4.16856247831911
-5.04598533423689
-5.14356917883416
-5.06010433613505
-5.50811862577027
-5.62647566437431
-4.48845290313236
-4.86823370058424
-3.97920574340946
-2.0680517578212
-1.80473110011588
-1.54092862564466
-0.17404765760568
0.127034333045421
0.883732825559733
-0.563376505008514
-0.863524790219029
-1.12333408871479
-2.57814694265587
-1.55428285395434
5.04607819491774
5.66327887815548
4.76488774644197
5.08597190858493
5.61601750555137
3.99122117168205
4.05187457633858
3.53905077781939
3.0526488797887
2.98299498389712
3.06459314085942
2.48780954952876
2.15621222890536
3.29445151906811
2.61898247903846
2.89641769650912
2.23407901181744
2.48809396214699
2.25452744504535
2.50155443124041
1.78990316806158
2.5453141407169
1.9766932636808
2.44336650060911
1.38560507129649
1.76138698795335
1.74261805959098
-1.65723717582869
-3.35572111850008
-3.59776137499937
-4.6487580371605
-4.45891729183887
-4.64013819430316
-4.24939430688751
-3.16218752374556
-2.66732840632966
-2.44255197586374
-1.46057476558862
-0.371145964801698
-0.36900419601708
0.384184159338479
-0.878752641677969
0.0191756442873051
0.736334393561756
1.75158997382436
0.393557534614953
-1.04524885098537
-1.06791543494164
5.11163874537252
9.59938221394661
6.82307543180915
5.84132264948281
4.97789694063618
6.4542083987073
4.57540196131813
4.2133471594163
4.53156594585921
3.03933217949702
2.95361961477321
2.64812618801402
2.78587133276501
2.53483046886055
2.54282407143042
1.99942672766127
2.63983113439163
2.09470372916506
2.63809600179515
2.34228346775252
2.18615697477018
2.22551854400699
2.09232001423337
1.76617279770344
1.27404008482718
1.56817192002293
1.70836853300245
-1.24547072862681
-2.46749012053343
-3.65054622775042
-3.60786906215286
-3.04974247703027
-3.80102068855987
-3.68009177411141
-2.64154427318921
-2.15025176282225
-1.50974370488369
-1.22543650786122
-1.18338226789854
-0.175102119501308
0.496978536558702
0.783611497684754
-0.670707792083271
-2.15144789426393
-2.2643364729826
-2.63924470164933
-2.73141485435828
-2.76085364936733
4.1023677873578
4.46995130632906
3.71588882614305
4.07834523174008
3.46259272746988
3.90318427631372
3.84962031599774
3.39261165123577
3.48696190047072
2.84118902943268
2.83279481262796
2.87331022954315
2.94395654995455
2.41061994419446
2.13772550920692
2.59178041345076
2.8344525208591
1.64142574684061
2.0583178926532
1.90512115457932
1.87123757271485
2.04059065229728
1.65213809776297
2.2550360122331
1.70849901134829
1.34310286358277
1.65700110935737
-0.756025746398783
-1.87119450303899
-1.88523467047095
-3.20572798881938
-3.33748450591251
-3.23583146736436
-2.86397956523139
-2.96330168253377
-2.39074176674622
-0.975615169251334
-0.904562750115301
-1.61560026703206
-0.347377117058746
-0.375983457708213
0.943535843674937
0.0979086991110005
1.33005565744493
2.6216571089195
1.55427501592971
1.5391136917443
1.82221710064716
5.59275434413192
7.93430019422326
8.17676890905731
9.3029545549533
7.02090882578081
6.27462010567516
5.03466162078168
4.4543252087504
3.97178855027302
4.77935881283168
3.96650828504726
3.55128904041152
3.40114334786924
3.3385328817458
3.03341472689797
3.24555758326514
3.82413678802762
2.27389085892638
2.89051844368217
2.57575897768623
3.40597037643561
2.50245428879794
2.90143931144255
2.3111001194442
3.35137512774985
2.56394042381957
2.25799810595359
-0.691010244991439
-1.67957643724024
-2.83189580037034
-2.44605345212146
-3.07350103240279
-2.46123464631947
-2.7753524392866
-1.70004365384228
-1.20814101450549
-1.05017955273767
0.566411105576991
0.589588294703048
0.628061590279187
1.54417147279824
0.17649717132018
-0.194212829930702
-0.37443384245768
-0.320936556331506
-1.19453309475219
-1.87435975581438
-1.0941263443332
4.06042039353211
5.24631926704893
3.95988068899811
4.14142956854008
4.06668451282055
3.95610083421853
3.56633335020611
3.4270110656627
3.08049807277084
3.30160146417929
3.2271520075257
2.92723929536597
2.61449351692877
3.20988876689725
3.27577022120431
2.30061347580996
2.43186211364724
2.57401715734864
2.28684243160698
2.56489734037627
2.2297665790098
2.76552544299472
1.97285269551233
2.29717890506255
2.08050943539618
2.56659250442831
3.09016298593363
-0.77007575253564
-2.4978891641265
-2.13388441957426
-2.19419693964312
-2.50968097995155
-3.08873244183053
-1.85986396377342
-2.36348841408443
-1.41188757819629
-0.431588544864577
0.039133748440939
-0.0172396585327587
1.15601857261779
1.09679581023501
1.83952894586111
1.97148092529953
2.88962346498438
2.75573526353094
0.971487112555287
-0.815811868717214
0.316302408035972
3.20099258885706
4.20005643856762
4.26225136750561
3.85795034923926
3.26279300830598
2.70062030003454
3.37147424792596
2.49415033047079
2.62830527583666
2.71435384978557
3.3675210962253
2.74256270088366
2.63331170813863
3.19185602866442
2.91959075085009
3.19653512617226
3.21719005718567
3.62813229038559
2.22159283041037
3.00526251653891
3.37815850983019
2.5780062180637
2.90844698448251
2.26590589079708
2.15528207251091
2.82979052083955
2.42930162297406
-1.051580669511
-9.23363854742687
-13.0852163112056
-13.2983810034182
-14.1429160525273
-14.5874552522372
-19.2652170809891
-18.2454150640737
-17.8406321090413
-18.6229165431547
-18.0489409841361
-17.9591219762498
-17.4164523530144
-18.0776249682902
-16.5868464292795
-14.2536767340633
-16.4476620865191
-14.079089458476
-15.5831256483145
-17.9802658581122
-17.1438024825684
4.94243112712581
7.22115240649205
6.11812739722927
4.72673253857962
5.38272466261008
4.82698074742073
4.29881154133977
5.21333704839103
4.20659230883271
4.06788732998822
3.65203964576665
3.7240036071967
3.68531912579906
2.85263851992387
3.57704604133611
2.88740985407405
3.23947764204959
2.83952756041474
3.14029150867477
3.19539491590998
2.54352633059754
2.45286325111463
2.61496833602352
2.91043375977176
3.72790235334144
3.34522451348975
2.51043392628414
-3.16489479904826
-13.7342669732064
-14.3685767178522
-16.3895471095817
-16.7133295372966
-17.4093666427615
-17.8013981870972
-17.5557865428716
-17.3899782134767
-17.1409370611996
-15.9632224271045
-16.0920760022679
-14.8581052309997
-15.6668705949367
-14.9010751802212
-13.9716158301221
-16.8934302462312
-16.7811607744226
-14.9671669613149
-10.8215087482359
-16.9657014146473
4.30123036877282
5.57209975395368
4.85284370714947
4.91716811724724
4.95321927058546
4.6510079729794
3.73237830888813
4.0233081680401
3.55864054640562
3.74220466876493
3.42248282811458
3.20658566404254
3.87483251514451
3.14470832397404
3.23939854475554
2.94174281535527
3.56997099099191
2.94407735349747
3.42295350476015
2.88541032860003
3.0409625123101
3.88387891956692
2.88881989110626
2.91377246574058
2.98482610020248
3.01753636086094
2.62876368277395
0.954628034912491
-0.165500640430972
-3.5123814936316
-2.95219482792627
-7.08783790426181
-9.15592823021062
-12.0738764546233
-12.9015920184122
-12.3882088206935
-14.8212657422603
-15.4895626116852
-12.5264667655001
-15.7340743204318
-12.9217793204174
-12.196995420847
-10.4008540513377
-10.7669600547484
-11.7394551853479
-9.89038890231441
-6.8861360374556
-5.73881643462883
2.13233520935464
2.4498620645088
2.43373082292109
2.54172953018229
2.22370481855692
2.37729330663919
2.98002901727202
2.53940325412879
2.34342676916588
2.04868723409792
2.62315543077699
2.79933083694539
2.0770454314232
2.64698151232042
2.22366366335739
2.58920268765236
2.355183883061
2.32580069282791
2.53611721457104
2.46986223532639
1.86842903417573
1.99412713145673
2.29632493513917
1.96744078510953
2.28374816482687
2.11153347635646
2.54596277951661
-1.61187118258959
-6.56444488274744
-6.04132362680953
-9.57363468048547
-10.6085905610003
-10.7260927824594
-10.1195772853294
-12.29663615142
-17.3569480712695
-17.7083368900169
-17.7892122011503
-17.8688376021231
-18.5175281993597
-17.4593582633709
-18.8778104735554
-17.5208869406761
-18.0146038618372
-17.0952452105614
-17.6307531388267
-17.6253943236081
-17.5505911714336
-16.160737464923
3.32366743413758
4.99739568088855
4.11533609401164
3.78481022487208
3.40072566390867
3.55390503093484
2.82513169802141
2.60484445702011
3.32997573842842
2.63044165466722
2.57542091190703
2.53483556908105
3.04437578601906
2.19835906982247
2.56690020736449
2.15875927334992
2.86363469760764
2.44880818507272
2.67360760565678
2.07797279384208
2.40171607827565
2.2134337348244
2.11105379591742
2.32188962666948
2.5411382997021
1.53145725548511
-2.32250167928993
-5.72524230643126
-7.41326818149867
-8.60552633191008
-11.2272881953472
-11.8815816458881
-14.7442715330531
-14.4177845978551
-16.8046953395666
-17.4013876681373
-18.5361665966508
-17.9911197651434
-16.6979360635999
-17.5589930853402
-16.8565429369087
-17.2747153524243
-9.50682806034249
-16.9770965050967
-14.3020190084844
-14.9821962369675
-14.2464509769416
-15.1557790008393
2.17823808123699
4.31608812896753
4.11615663760054
3.89010470266176
3.54411002958702
2.83893758329652
3.62159639789137
2.95318794732081
3.12199524786903
3.47300397185852
2.6054693461764
2.18099272495157
2.61581172161556
2.48062933170481
2.3926978968127
2.47508226058496
2.27116862787593
2.36795951382547
2.08996184323028
2.27004504215873
2.27061992513614
2.19300707489687
1.59978308892161
2.06551893624598
1.78873021205165
1.33612946142193
-1.16082495404664
-4.73110527538716
-8.58778324146736
-12.86732710674
-14.4613495154779
-15.5211066745783
-16.0324340137612
-17.6289171276663
-17.0999537864546
-17.1930625417453
-17.7756749372897
-17.3303784421244
-16.8390934624278
-15.2176327841817
-13.649475801945
-16.2239449735089
-16.0776164935388
-16.0912063714257
-16.3884979150188
-16.8250762029155
-16.3564893086088
-16.1283755610074
3.08982093346304
4.44441509258811
3.66351709935797
4.59442169571543
3.2881313991618
3.53233032121504
2.84389709778022
3.03652683665166
3.18423529063705
2.34367420723102
2.14656533182567
2.73760674079368
2.0889781009907
2.18502165041974
2.44613389893754
2.30669263417285
1.57065065157512
2.52276940983549
1.82221447922387
2.68893550561512
2.49206269897855
1.61869098558402
1.97794390614273
2.00462763523336
1.68587430108431
0.406531003393253
-2.23737713351928
-5.38851491994413
-9.61224526305312
-12.0519578384837
-14.44640181313
-15.9736063032414
-16.2332679608268
-16.5628723969606
-17.0051357638844
-17.4263936556245
-16.3212393415842
-16.2246199882459
-15.460944873757
-14.9161054436888
-12.3975461614544
-10.6953465161696
-9.30019617087905
-10.0087747190511
-9.16194179376531
-15.0156382750787
-14.4324005713475
-15.3986208659575
2.67797942338452
6.42714164308386
5.2707509141043
4.67198907297868
3.46513630353542
3.88073949027977
3.33178018348722
2.57885577258524
3.44295441975894
1.95337658609826
2.68506363241789
2.47098748773417
2.1855799963763
2.39648985091222
2.81788439342876
2.37094646609171
2.24190330317428
1.50178697618843
1.81645319600575
1.7076893375518
1.50618709937795
1.65324257238573
1.46830918750309
1.75860905202561
2.01224111846271
0.401731761039502
-4.49639888719164
-7.71160464556105
-10.9090863722173
-12.9570430123999
-15.2441908966795
-16.0329517052022
-15.6169363780525
-15.99145491828
-15.1125846767669
-13.3551351156874
-11.5930148983658
-11.8715967922426
-11.9947335370349
-10.5661393495936
-9.58067791498728
-7.45283046873538
-6.45407615900747
-6.33987180652195
-5.18603667079042
-10.6984793348716
-11.6129393148402
-8.99505510244804
3.08585985175509
4.12134435851878
2.78864445547487
2.59234118976796
3.12771471340676
2.96804305562912
2.56904028558321
2.1727170437039
2.46289761467995
1.91308743484282
2.10993260244975
2.67084381164288
2.56689727821996
1.94826552043944
2.4463246179664
1.99315694498981
1.34559156450136
1.79523528454379
1.77347416841554
2.04055526294819
1.53472629414186
1.85409135778666
1.31795665854209
1.55258987493688
1.73880611610727
0.964058466306488
-3.40043039123259
-7.95824978041829
-11.0304269211019
-12.4025008341385
-14.8166304342033
-15.078610222593
-16.1857622904931
-16.4328301499935
-16.4928023622782
-15.4935123891726
-15.513345494883
-14.5952316899319
-14.671900782942
-11.6924903881129
-10.5391249202554
-8.95028708188611
-7.19836986574323
-11.6410544693546
-11.5238557010235
-12.002110699884
-12.7910194525637
-11.4731796110341
3.41789533947667
5.61726115919351
5.39774866636906
5.47025893448485
4.2049470030621
4.10821686810303
3.24587346030886
3.00846574158999
3.17386698136248
2.92740747244478
2.8030183478301
2.28577418980814
2.60223611890471
2.31533544350633
2.77977189850096
2.02242445683748
2.48640826343069
2.34876679659135
1.75171460836263
2.17296471787457
1.20176279061568
1.93539822202946
2.15537219339132
1.38687755461275
1.80313768311814
0.570538154500324
-4.13737896257872
-6.18636423467888
-7.00418143709791
-10.680679322892
-12.0148436888389
-12.9268694790836
-12.4441304717876
-12.3980617844698
-12.3485350772781
-11.328284187758
-9.97502989977627
-9.79315598199434
-8.10212578840514
-7.95325541315364
-7.12102294175111
-8.15404337482279
-4.5946336354172
-6.66094967656684
-6.23498735441048
-9.46247139940159
-10.1064862659367
-10.8485499941968
3.88717069631317
3.88030481611977
3.39353208760596
2.9821462187694
2.91834214176438
3.45850664100053
2.36863208993597
2.77553037817397
2.43831511110101
2.82451340453984
2.70061588802412
3.53001634761126
2.54983635045437
2.5589600749009
3.059381740449
2.43350296180253
1.71324933635633
2.7605157903713
3.13452517059929
2.47864834429903
1.79848188038487
2.72746928822041
2.2492744257169
2.52023998045947
2.21612192685012
2.45704118887503
0.244675441671099
-5.51161972055953
-8.76786354252712
-9.7907432600092
-9.81045534477043
-11.0925679918272
-11.9116736837736
-12.0489984769483
-11.7260250117929
-12.2194269516504
-11.3914011046918
-10.9894843529508
-8.24596227958768
-7.51826631461702
-9.54615298373599
-7.1278069607202
-8.46343452411963
-1.13441061655484
-2.03690763849137
-4.46346757668214
-10.0996133251088
-0.657214861574516
2.18064959213244
2.74876831090281
2.60830939534369
3.02520327250615
2.87959387732318
2.30077629062137
2.63801187198949
2.46917349988315
2.86031257956319
2.24754224038057
2.95673260047717
2.89285293324345
3.00746485738867
1.99260844649191
2.24569950488365
3.21685394416219
2.10257050738367
2.39454666125202
2.15558408662214
3.00213787503244
2.43779828505415
1.82120773937207
2.55838359695246
2.31492214953375
2.10595743861174
2.22756950063663
-0.563015117027661
-9.96024170295431
-11.5792759088087
-8.4448699552761
-12.2498889864518
-14.1318056384037
-13.339476696496
-17.5655159685346
-18.421743918002
-18.0032348360355
-17.4136684761517
-18.4070935258941
-18.7178019363349
-18.8552078600532
-18.5183283439993
-17.6220173909581
-17.986232541368
-17.6708493346816
-17.9905618820863
-17.9057864892711
-16.7767553018755
-17.9281498247581
3.29958513570002
3.89210344384413
3.95691697732905
3.33479631135624
3.19763282013011
3.86431109795551
2.46037293196203
3.06767490441424
2.69540393988078
2.69331282511065
2.17069721576672
2.25261629521605
3.19809992999675
1.80275882738591
2.89634902004389
2.56327177008155
2.96777960305621
2.74681701355584
2.33261621118938
2.15565338078788
2.51182443947036
1.85660472187818
1.9752806581937
2.34662202408862
2.36398965198056
2.61180850006069
0.748157092358841
-0.968875010274237
-3.96447127483663
-4.94727431899106
-5.05719446514157
-8.86812360537473
-12.942593831529
-14.6804455121415
-17.003241503263
-17.4389462347341
-17.9799561403725
-18.7632843673537
-17.543322662223
-18.8500360164795
-17.7007131662961
-18.4678656331389
-17.9881075989003
-16.3701322362156
-14.508114142661
-6.35250434468879
-8.42857738738751
-14.9827350922955
2.95134550188771
3.04069439435315
4.18246061267886
2.83043788964812
2.87318502990304
2.82409463682293
2.81717695883408
2.19116041464219
2.62963616113946
2.02895429774073
2.17584997669564
2.26992766201323
2.48523519811504
2.3082997378499
1.83574023040681
2.61648815570322
2.37995747391169
2.25850331410099
2.15957284084363
2.12805661042986
1.96625045859042
1.82898795628769
2.765912038527
1.94926944494577
1.66281253129647
1.25909572065894
-4.43724208536512
-7.76067240016279
-12.4645230225547
-13.8098686203021
-16.4509517333988
-16.8548570803026
-17.6257157738241
-17.4218095494404
-17.2812556453806
-17.2424119652425
-16.4274479959693
-17.2628180372594
-20.1568663252955
-15.7933318116848
-16.1857273617289
-15.859251954961
-17.1227036383364
-16.056840692831
-15.8403417167939
-14.4719017848469
-16.3943395557399
-15.7546059278247
3.446427464783
3.61723937427164
3.73993447767785
3.51676866673894
3.19848619808901
3.03424160836817
1.93348124470017
2.09392046985672
3.06095812920131
2.15646592827057
2.40344041304989
2.52161221813562
2.9310093947227
2.76375215254898
1.72561879865812
2.44598709941
2.75649561320648
2.79654233042322
3.02763916582297
2.25359447065671
2.32751800664228
2.20852693888208
2.14728503828286
2.57479786092664
3.0085848787486
2.26236229212473
1.20848592640322
0.307970796894833
-2.05120686209841
-6.58567526382273
-8.83641383635013
-10.7206414184164
-11.5573698554954
-14.4565857918657
-14.242836783449
-15.2521315158841
-18.372407123746
-16.6986829632647
-17.4716516560382
-18.7733366060253
-18.9973194091225
-19.0956007404479
-17.8470827415303
-18.0834627056516
-18.0996747603131
-18.2565695345423
-19.0947570833154
-17.9733965880839
2.83543829139719
5.26974311584521
3.97092250953721
4.12701013085786
4.20802720205797
3.23843034504547
2.55935689576709
2.18451174654547
2.73104743562926
2.59773728243556
3.14052825565408
2.42868242667797
2.39721069622994
2.34693860945737
2.27676786547383
2.58950634339667
1.46918798303623
2.02535328971229
2.18953815895637
2.25671083617207
1.61706120297629
1.81286814962274
2.06890225291984
1.3920427095506
1.48750652606881
1.80453542229462
-3.32477963544711
-7.5835705419091
-12.328274924577
-14.822351247015
-15.5954369683998
-16.714840282092
-16.3754021542306
-18.0577384988789
-18.303042932251
-17.5221438624389
-18.3071691407447
-18.4332755778925
-18.4148242460033
-16.0043618498908
-16.0230951050334
-17.4889861681934
-17.7534938071193
-18.1513332456998
-9.90721831673306
-15.6670457465863
-15.5846624810906
-14.3723593308726
3.00010663974232
2.97164619019477
2.73392060320712
2.75620199615823
2.63072038633165
2.06843454840341
2.77025178209174
2.15751996679492
2.91062812633261
2.08124014139205
2.33406103420426
2.52417874819001
1.87682227323981
2.58302011837535
1.9698775082548
1.70896995070439
2.28772268850119
1.68663261331304
2.14197259454428
2.54675205309029
2.37216265871337
2.10634353522413
2.27790637156965
1.82522217794654
1.88689727470595
2.06688464543327
-1.27963871083338
-5.89180908121172
-9.34136474357518
-8.92811375206953
-11.7458741866969
-14.5785730863829
-17.8505105631271
-18.5237893643098
-18.4819581748566
-18.8565924177468
-18.4165421625653
-19.1206733981237
-18.4519099669764
-18.8055825612562
-15.932244584351
-16.8283709674867
-15.5613429476987
-17.7605869179304
-17.8790836311236
-18.1513673696304
-17.8778701913972
-17.8471055459774
3.3061680192854
3.8715959004773
2.17787626324415
2.49663495072708
3.21404250315666
3.05519333582126
2.38296969341778
2.74672974257552
2.27551598674601
2.50795045645974
2.57423733864065
1.8614534179297
2.32269111565481
2.35195517872083
2.30335460432343
2.42417085170723
1.8507437631353
1.75480788143162
2.09025251166097
1.43843562114706
2.03193671949362
1.18944042284779
1.3500963089602
1.86265851575392
2.15253239627726
0.806486182021643
-3.18197074679498
-6.62186217533186
-11.0048268276794
-14.7330434693963
-15.7181768050276
-16.8646309190316
-17.7946849134173
-18.0960412826028
-19.4895659881756
-17.9037689434691
-19.4489939154406
-19.2290395461327
-19.1694650925138
-19.3681413652448
-19.5127777011232
-18.9537531204763
-14.2309300385402
-15.3245047007914
-16.932259635953
-17.942653440015
-15.3472847150872
-7.10003700721349
2.99738249697624
2.62336015802193
3.18570687763273
2.75474166214768
3.48645022066303
2.93487456993201
2.53805995319193
2.53405343827089
2.45535791984947
2.70594376644644
3.12215927067898
2.9422710794987
2.12963743102052
2.42289070235064
1.9904150941156
2.05049682490047
2.30502179920972
2.12548959180039
1.66384900882003
2.08485319758181
2.03257904974267
1.83833197108759
1.61667444244407
1.90387805804843
1.70861672108018
1.50587295098347
-0.375453356368681
-3.21379555929053
-7.91757081244033
-10.052672468423
-11.6170892403158
-13.293918419291
-17.4951114766397
-17.8535649048086
-19.6537936821042
-19.4486583770777
-19.3240044499345
-19.178374585286
-19.5349462007695
-18.8088259526645
-18.9869109385388
-16.6105415340238
-11.0138801311411
-2.64749885320669
-11.6344550488195
-7.46303428347662
-3.08508078055113
-1.92539625689398
2.41617155855681
2.06498948728546
1.88426238581579
2.04318881658919
2.62618969807681
2.10316984025621
1.95945285007387
1.92085386543281
2.6378630701968
2.01956085790661
2.22438193933119
1.80283742677043
1.47089455415805
2.22987669394003
2.05186076659488
1.86058924528306
2.53502343473072
2.48796556771093
1.52734931035661
2.23117112553353
1.69370224230627
1.83561232507934
2.7735735503823
2.30919275361767
2.37621933988444
2.48684471715088
1.07392811061756
1.8291448896235
-2.77182610603569
-4.03064604813003
-3.12263915335186
-4.69580443267735
-7.63322704355962
-8.96440195569014
-10.2975045958144
-13.6077739738504
-14.4484477124154
-14.7945972230933
-17.9472790589476
-19.0456125187478
-20.2575590630338
-19.220846182411
-19.0271347588371
-18.5481938160192
-17.3655448207874
-18.1816854511899
-17.4444503998792
-18.5700160751886
2.0721172872589
3.684799504784
2.59136519052818
2.58023874888357
3.67082099278032
3.51137683654919
1.9339114941415
2.02275669074061
2.43765500014788
2.72487887867019
2.26476960531988
2.20670540019766
2.98150860349805
2.37014458525747
1.8864955410847
2.31648405365548
2.94303238421871
3.22205456597934
2.18909377289456
1.85649142332695
2.17358842770523
2.65663434514679
2.2964488705927
1.75558592080961
1.9282197242592
1.36013686585842
-0.709935294099523
-7.26971840544021
-9.32000285850701
-12.160153902191
-14.9413214179612
-17.3493199707493
-17.3312997094735
-19.0878484145189
-19.0807751127108
-19.0007854157779
-18.3223061327243
-16.2827877513656
-18.2168697625214
-17.7697827343536
-17.628448523625
-17.8674122792736
-18.1838772315256
-17.4941075420671
-18.8042579313334
-18.6293839135731
-18.688298929687
-18.7062867865844
3.26492084389811
4.29716471720275
3.63252323020899
3.81034120454881
2.94528708604888
2.97782995553437
3.39582709940774
2.92346392523091
2.63379354960451
1.8627675498007
1.9381729901887
1.83210925844084
1.59799397575977
1.90800369513595
2.17972262524931
1.08182446006194
1.72034398817029
1.47664578903594
1.93520850092414
1.77016416725349
1.55083187640835
1.82656400712616
1.61447921728471
2.41312904686862
1.45706022982763
1.5462308928007
-1.21333135502601
-4.90063412668253
-7.65445679538746
-11.1732275910288
-12.9859072855111
-17.1038681023693
-17.9248525074988
-18.6839532926693
-18.7373261610419
-18.7358780955458
-18.3176076704617
-18.2753737088671
-17.8889793069584
-18.0905608069967
-17.7093220579018
-18.7263500851392
-12.2995473555566
-0.364371432492644
-5.32740450589889
-18.1742653693839
-14.3874324039091
-8.5683620102005
3.04381113819679
2.30922241853221
3.53922420914178
2.64027863670147
2.28755438798744
2.53685106739928
2.28980787010137
2.41895674474604
2.69906986662608
1.73587045192554
1.91211445189991
2.06718238196527
2.79401367746094
1.99436417563389
1.80532536841881
2.4276464735014
2.33584759531147
1.32347770342057
1.85324591907107
1.49147535269362
1.91823022870708
1.98079538932403
1.43591630339963
2.40507739964122
2.08314111724137
1.6106122419967
-1.42576780118038
-4.75096032796932
-8.82019174679117
-10.8663520084936
-15.6008216077056
-17.3143141366579
-18.3840907488326
-18.9223889421586
-19.2624430865877
-19.3072452457127
-18.9544456888186
-18.8970618698648
-18.2328012432447
-18.3803491086155
-18.8226444081596
-17.102488501642
-16.37625741343
-19.0223063826232
-18.2275913638787
-16.0361325455907
-19.483260795236
-17.37315123815
3.13082381943598
3.69150470426846
4.01274743467981
3.52697078944323
2.62675149789612
2.97807951675105
2.60810894063045
3.07044356539396
2.73258532789292
3.15995789345796
1.78721226933789
2.39946777435987
2.14784862879836
2.61567767059282
2.15935178341413
1.54104199534776
1.67729399193509
1.77712467721197
1.99872562741495
1.7135050970698
2.81685102202425
1.66253197304804
1.72500739490385
1.5445844069095
2.18267398130072
1.82024362398826
-2.43360067082279
-7.11795371994236
-11.1593406808643
-13.0338519141776
-15.1847946694895
-17.9265609654562
-18.306369514509
-20.4589047575669
-20.2222770773012
-20.2062551941445
-19.6118744434611
-18.8465908768015
-20.177479611898
-18.8032880873913
-19.3824216412486
-14.3183815054164
-15.6679296768249
-15.8276084733028
-6.89247241074342
-4.83159552808482
-6.3876454794356
-6.01600518236835
2.91839270115253
3.7247914711764
2.76187641284213
2.79037728805531
2.88138435226408
2.90803527832417
2.50356099845682
3.31557332875092
2.93647508915047
2.8084934394319
2.26495177493154
2.78910983778843
2.70252633160268
2.59598860129525
3.00941325829338
3.35487654096557
2.52453064263733
2.30204945903797
1.80480984875121
2.12866733673462
2.72405408497825
1.80345411095377
2.20894041561086
1.67140092278154
1.61430052644898
1.63505151462876
-1.35141669774175
-8.03007419846729
-11.3005504038295
-14.0060437412487
-17.87188552692
-18.1487378529305
-19.5192504598668
-19.4182527060473
-19.6145796940418
-19.2022523213035
-19.5999806710566
-19.0447586741878
-19.512996068592
-19.9824213321201
-19.1241945226266
-19.4295030394537
-16.8213152437898
-16.0991138678859
-17.2113034466505
-19.3098333628844
-20.3825758347604
-17.4251321040611
3.73897486435619
4.2465002468029
4.27683115733904
3.67521408506234
3.26885803946358
3.77332479013754
3.80640873135926
3.81042768877291
3.60727615977124
3.18170101724543
3.27588216860867
3.05602719141384
2.7802853767715
2.3110663206333
1.81353559650206
2.31246494218118
3.25256711399337
3.00199445167116
2.02087113186664
2.92657334127374
1.77229155922548
2.31450016692893
2.58013023074981
2.0089196075492
2.43909780189262
1.89186489857309
-1.57225456999085
-6.67640415882684
-14.0487858068326
-16.2562333750298
-15.7585847541034
-18.4689662919649
-18.7056124808395
-19.5685016106558
-20.2411633558834
-18.7869608844433
-19.5451121800356
-14.7710652452535
-4.66765642725082
-6.041526436025
-13.0569966048077
-14.1326998319758
-15.4326774452224
-18.06609421961
-16.4898089098595
-17.3844829274672
-9.20373143327486
-0.0422283522893194
2.34258364775293
3.10515402561381
2.66954737712687
2.62117943687621
2.50813950160093
3.00599167497891
2.25836321560027
2.85166904980461
2.47229668731354
2.01596612083756
3.37106912412613
2.50431238279175
2.39389882100249
2.02673802025542
1.9225649855366
2.95421192601319
2.68841024764068
1.90890101555609
2.19043072049767
2.22785527783386
2.40184669098008
2.82535488143842
2.90092151684625
2.55161297627697
2.36247635768133
2.85686176168098
1.71315233141979
0.916777201434358
-0.70405317636578
-1.34842881907787
-7.61595059806508
-8.24743867104277
-12.5975518452383
-13.1693822381331
-11.3957456966438
-11.7408443196561
-14.1408124205969
-14.8093810225455
-14.9766360733634
-13.1925191244712
-15.2577828252435
-17.9016369077154
-18.4435391864481
-17.9703403613915
-13.5761495620056
-12.3936290552456
-12.5058353342926
-14.9037062931453
3.02694502214246
2.66303473514542
3.03649642612084
2.89504099701307
2.93640688866782
2.37889420484234
2.01328520133179
2.74102910322616
2.46187741060458
2.9654864471847
2.5314351133707
2.16203700203921
2.40129033890152
2.09866127346547
2.46037372960173
2.28490462340905
2.02813080855566
1.78565880861861
1.97098109499131
2.06283701597996
2.28866585344715
2.79076647271097
2.56771407041283
2.089531300974
2.41918713112664
2.16558391374645
1.06969173524689
-2.03348062912985
-6.68614620120232
-10.1610234404156
-14.2809604844917
-16.1065941763146
-19.8992147773341
-17.9325590656142
-19.0876303730306
-18.5729757882477
-18.8464997426098
-18.463328236655
-18.9765105625171
-19.6133515441788
-19.6165427511384
-19.2244271296846
-18.1225159778123
-9.13227637605463
-17.3050186524597
-12.6297616842835
-18.72767675388
-17.9486877856062
3.63710020248816
3.95209141218817
3.50943033569264
4.17367170642901
2.99796199801831
3.00003653692645
2.31014297660009
2.82071765670604
2.2900031961099
2.87250584441325
2.80512478581736
2.69775846258895
2.25301231715081
2.44635801110083
1.62184501566776
2.4359126370326
1.98303458399563
2.37821855397644
2.12804499458462
1.83573244376995
1.699010690144
2.46113319123445
2.08316227088436
2.23577103851882
2.20108053222685
1.68207766506736
-0.187546977367736
-5.35924747851306
-11.745162529756
-14.7316250860427
-17.408069587582
-18.1208745353404
-19.578060013409
-19.2834271795659
-20.2218822373642
-20.2774422010712
-19.7855234257409
-20.0036557823109
-20.0431164273532
-19.708075153753
-19.7833095276949
-19.0421435445609
-19.0379875218783
-17.7734216940026
-19.9215334679841
-17.2716156436547
-12.3975875360383
-18.3611892162634
-19.367765834416
3.76801411055645
3.36570973436867
2.87633575586594
3.00024265667602
3.21314115705097
2.79550499377643
3.22915340749284
2.84881595808877
3.45364233787077
3.01170415877901
2.33430446077522
3.5237444341567
2.93557670435129
2.69028379317135
2.57612841177955
2.56935085783349
3.25298565407743
2.27805888042051
2.09375977807795
1.86763621314441
2.30605950190551
2.07096454547677
3.47155150992178
2.76518083816832
2.92882652603691
1.94832800429114
-0.980000290495204
-0.995116603110723
-1.26621683028049
-4.64056295574848
-6.12003822289956
-8.68182553134881
-14.6911327593569
-13.7235949759341
-14.1978646651466
-15.0383937236465
-16.5102705912816
-13.6959896611292
-9.5866157804258
-8.79014800916137
-12.1496669334232
-16.1552521490678
-16.7555856776615
-17.7393679088615
-17.7063231897909
-17.4975993795202
-18.9233951320076
-16.5434984569418
2.91658118545311
3.52519599551445
2.90477315458288
2.69659135804111
2.20728251045719
2.30244203021811
2.16155260336581
1.9151803901236
2.38765206446465
2.60002233280748
1.9164510933977
2.9148536665094
2.13952019787754
1.89217792262827
2.47769959888669
2.31847274564612
2.74020947167554
2.5959793440677
2.47390801632094
2.03253748939245
1.40247082264345
1.70900773825163
2.35871859649957
2.01497474437503
0.959081845327593
1.39570132650544
-1.42751811441042
-6.79881549333745
-7.55016795660776
-9.82026578525287
-9.83070651249385
-11.6766463787528
-13.2128341111264
-13.5673796100724
-17.6695367193215
-18.1977057032419
-18.199779336528
-17.4427799549882
-15.4738152725691
-17.0617472993057
-19.0307669872872
-19.1628867085947
-19.0313123063456
-13.5827736908871
-2.90217891893516
-1.71016287423674
-0.201293072535835
-10.1632893876291
2.01661313465572
2.12989595362582
2.81314854351504
2.33444266027632
2.20928512300779
1.81617310851173
2.15052142209978
2.4085816575519
2.05662222866143
2.10070346440422
2.95824637316691
1.58547357055875
2.20693798140835
2.15175747511787
1.73821932117406
1.66500417185018
2.21153644053394
2.82354241184802
1.42489742241074
1.77747328895406
2.4957620706825
1.96758015659155
1.48442903081568
2.0080588937282
1.81373562526146
0.506417148878766
-3.08884845700556
-5.03351807421279
-9.72719950098882
-10.9158345256339
-13.0389146625504
-17.2896293947698
-17.0348793627512
-17.5539117761499
-18.4227788084322
-17.5054732221105
-18.2243832622751
-17.3601768447676
-17.2680270516398
-16.4369734523324
-16.8291085176658
-17.1027011745451
-16.6463444011192
-17.1763226837198
-16.9967214128742
-17.6687267921044
-16.9616293708251
-14.6557477942577
3.11910643704178
3.5093257008994
3.31852614817041
2.41329967522656
2.17126728002536
2.63708981905936
1.89086844270312
2.33204679331567
1.57355666631121
1.21897893559049
1.72093491038552
1.19795359065373
1.78497758038285
2.05669936341775
1.32440486369581
1.89447413722071
1.26377735198719
1.91974402346996
1.93648291775334
1.47261090879463
1.73567361409314
1.69900128483428
1.09090448334039
1.64832109311301
1.11608491106855
0.0467120512887071
-2.44052988373934
-3.67987369132062
-7.15499613569903
-10.0105102194798
-13.9114523977991
-14.0882915765554
-16.0335112510456
-16.4084035337045
-17.4661883341811
-16.0994377175137
-16.0741352909888
-15.5697321573232
-13.1727530733761
-15.1763837613037
-14.3021518482411
-14.4153132701157
-15.2225894251225
-16.1223022805464
-16.6475175375233
-16.0826008232779
-15.2556008372855
-14.6907474581297
2.88707814647879
2.1836839406899
2.51695468676166
1.98488532672194
1.90752660313051
2.10406409028372
2.46880881279066
1.79982421613115
1.60952341815309
1.46410696295152
1.02191792344664
1.49490271696531
2.10646810069928
1.44253676925693
1.25946728892151
1.54490373053671
1.69236734974836
1.59994470115989
1.59366935747433
2.32280604507704
1.24182547542912
2.26566231541284
1.27111818782931
1.83157424520726
2.03766786853533
0.229749246674419
-0.882359694062324
-2.93724050227212
-4.14640454048309
-9.28191596463104
-12.7411424881808
-13.053425660997
-14.7528314989333
-15.6388818453951
-14.4507304200161
-13.8644452938129
-14.3006575746305
-15.1132077857926
-15.5435130231332
-15.8107488824076
-15.1844864527125
-15.7633638269511
-15.3297234313821
-13.0462738609949
-11.7780281847962
-7.73307280529474
-10.6906897883435
-8.43766347916769
1.76237781937036
3.1597985237387
2.96488056475362
2.4826478647425
1.83128258321275
2.41165439317537
1.73372822903259
2.16701151372116
1.86096026647919
1.28686044296748
0.496450654199169
1.72514214364203
1.01769448796213
0.992445133134358
0.738513500853698
1.45258289278456
1.29273769104439
0.85292247415631
1.0443990162449
1.19749789622607
1.14195803159359
1.49154525065862
0.605743438586769
1.14313109166726
0.323284377486386
0.386348707387958
-1.54868655299228
-3.57493274396106
-5.70466590854189
-8.98301538509442
-11.5061719056547
-14.5251121891628
-15.4360962242479
-16.3626866882282
-16.4056977352726
-16.8854727092685
-17.0697252972944
-16.2526332724456
-16.1815230045958
-16.1217326738764
-15.3435706573327
-14.9225171053091
-15.2523344563603
-16.1043651415778
-14.7224682559488
-15.044359932966
-7.25331930674051
0.697443253527377
2.8628783239827
1.53325000817693
1.647976810739
2.11363051094708
2.31322755580427
1.43223968078316
1.64801029950057
2.15521007091441
2.06184958476271
1.2912621894031
1.77747553341472
1.49736578980491
2.09927111829645
1.89488739166468
1.78200345805306
1.25203172604225
1.77092251208435
1.12456588520452
0.966283826498386
0.413608896119241
1.40810075901331
1.48853630182973
1.91772670324629
1.68801831324498
2.01933768603289
-0.484242093730066
-2.06888065478644
-3.31393178023799
-5.37383496679572
-9.89199299538762
-10.1358352115907
-12.5065519354695
-13.3635123141038
-14.1964142127953
-15.7901282879761
-17.5715494232643
-17.8993127958424
-8.16783146244809
-11.1467655028958
-14.355235437612
-16.8978997381581
-17.0763710055316
-18.0924395873303
-17.1478264584562
-15.5219291228764
-14.4950913934677
-12.6304730402681
-8.10866129167694
2.53642176892156
1.55754397141644
1.73650629022849
2.29502047814133
2.11525782557413
2.32426975744006
0.972768873113673
1.65114916555146
1.00888642126513
1.92207156289323
1.37982238302285
1.29095002266828
2.06263396755124
1.42154625128548
1.33102605277629
2.0048697473892
1.04204343305862
2.0840853019079
1.49587936261549
0.848210891104583
2.19208360050803
1.26694347941841
1.82743052366591
1.54210412006727
1.47547921962483
-0.677521148734773
-2.07082351268107
-3.87649025854073
-6.25984897957895
-8.67610263668037
-14.5632489863928
-15.7985309540339
-15.5816820806661
-16.9911465196909
-16.2975061089931
-18.2469056608419
-16.8720514158578
-17.3880571032413
-10.0067256267418
-12.9862229831932
-12.6881175287282
-12.6451947349538
-16.9973790565996
-17.2121275156146
-16.96326283372
-14.8339725913134
-14.6247574746237
-9.26478366409304
2.19581902804668
1.99117720676801
2.29884638749121
2.18827252826249
2.04432673808963
1.92863300845705
1.91258106537106
2.74292309015791
2.17802210482829
2.20015144876777
1.65069008606697
1.89193536582514
1.95241467007803
1.99121317976637
1.81606955029706
1.20228731128959
0.947599565234671
1.76750699214342
1.43995266559362
1.35437286805113
1.58996818926113
1.36285791240997
1.0172899130869
1.15634092523375
1.15626521705678
-0.148984836498636
-1.06612096008605
-2.29630861110836
-4.96202644790099
-7.54812261841274
-9.26980629754337
-13.0532912926186
-16.0076637054082
-16.9057322954112
-16.8728198144415
-17.0656515946637
-15.3063657975478
-17.0117384895598
-17.4234607887648
-17.7529033439513
-18.194590910977
-17.3559230826687
-17.9316012966999
-16.0171830363705
-15.358497660719
-16.3909904442886
-15.492924493211
-15.6839309798658
2.99033390279537
3.40105475285923
2.65543560559453
2.45370406523799
3.07100945082553
2.42468648345062
1.72993426832666
2.56731819386107
1.65986810059515
1.66479170006634
2.21259674194604
2.24454378775728
1.24046990630713
2.28455777263228
1.47342455426812
1.64905073326418
1.73993837234552
2.08757070084316
1.6190745909151
1.63288712231897
2.02701801662859
2.04405644375252
1.68988388075559
1.57354648899243
1.26197983820043
1.17857928727443
2.09480740215499
0.437081821729517
-5.68815591154777
-6.17407363517014
-6.38928961102408
-7.50981176686148
-9.93458586470628
-9.71375749014164
-10.4491604345782
-13.6024625405471
-14.0096834562258
-15.4200605626681
-14.9546950457935
-14.6070832383118
-14.7362385806241
-13.5830964316588
-13.9173966681378
-15.4543699854108
-14.9175589292219
-17.3567516745272
-15.8694937318892
-9.93456060165173
2.64755045559909
3.20839369694258
2.7505752745307
2.28882588307478
2.12748407204326
2.65919911904329
1.71818138557191
1.92696333681244
1.75184211924471
1.38637218445338
1.12187213698584
1.09012086980951
2.28158513859429
2.49423702542506
2.49041717901288
2.34379953452695
1.26443258730593
1.98693195048999
2.00171964563312
1.63267778437697
1.3691809685785
1.57076859910922
1.77971213086676
2.01985551893728
2.2940578206532
0.932901432689742
-1.36888997976327
-5.77448072950648
-9.41641729511443
-11.0592163901432
-13.7721577184671
-16.9515856681807
-17.7179220240766
-18.8139451115939
-18.9525707784299
-18.5384754735418
-19.0739181549073
-18.3433933919874
-8.97196818740692
-9.81928423439313
-12.5609826477065
-16.3194897866645
-17.5746226987633
-17.9253484670244
-16.8816911884227
-14.4198803058253
-14.2272895778998
-17.2902992911203
2.08406597046725
3.17451991558009
2.51509038652256
2.14900843670487
2.5432683562848
2.42092272195113
2.13097612023618
2.27883329893443
1.27597429575556
2.21753680042898
1.82482832590393
