-8.66533306561615
0.501214796157157
17.6894220961364
31.9894918165054
74.4593733364276
39.4890575640876
95.6809286772399
38.8312466195681
51.0915868771767
49.3093638124067
20.0849334938878
46.2720559363245
21.6041514164096
37.2889688006546
33.8556837537968
133.489416280177
160.143684364027
75.8682602177364
96.2180909576253
125.386342560928
136.144840618125
167.981371855396
194.048203950935
205.436835096427
210.339746130176
255.131318501486
223.330020070755
226.168179935344
241.258627062682
225.351867228823
223.90503875738
207.727205436188
214.877641419666
209.448213668447
218.089874602415
218.915715229643
175.068122115241
188.793179178273
124.640343967523
122.549251826563
74.5797300760959
72.0891072118764
63.7666484672547
33.0748449128739
34.8508789234231
4.61714906520039
36.6394048567787
3.76875454305068
30.8291128244211
48.9798970897945
37.9629815650411
37.7166751961804
29.7807108789189
38.2435978118558
30.1802743494669
33.6643787650359
16.4477172191595
18.7109940583613
12.0960584451706
-5.91764384469547
21.3057311088352
14.0935353584375
30.7519786962787
50.1989532868424
64.9505543942944
94.2385097741172
127.854708777222
141.437208107326
153.605329791813
164.175347235312
177.504321489477
189.765225830721
174.625752789713
179.693487770205
167.343632489722
183.716624895412
172.661696954735
168.828696381292
220.968361504685
213.574976819833
201.302518561073
180.849320016662
182.102670940194
234.220941835383
193.483144067433
138.198818092013
127.444600311416
70.5966293305939
10.8156208332347
69.6318450204653
78.7430490217886
71.8002626329576
52.6428899956884
64.8259835389059
55.9027075195715
31.0103902140713
38.8567272231102
38.1927143794754
47.4833257841181
26.1332560733573
25.294896947869
9.12509750053642
-8.47923232876141
31.788859002445
26.8546524991265
24.0808878817692
28.647171248528
37.6730426869942
35.8027536037111
-3.34408439553118
35.5110254000433
33.4825320924169
58.1906159876943
77.0939616530583
95.4645220502125
117.398132186396
128.506868761039
141.267922402195
154.852416980271
164.750242717639
180.037268665903
174.671850796205
170.705986534129
163.911931905913
172.160731554414
178.661511066432
182.155087495222
159.332212418134
145.905146086957
141.68151214572
264.186536053463
140.642383027482
130.226395321534
65.9033470544564
62.6085515464091
47.3607329204812
28.5278632399535
14.4984289602133
13.4043875543053
21.2668282253443
9.7105537927775
14.2788381875062
5.72379507263144
18.4043479578795
12.1809033090179
12.1098694379865
4.49048942394084
15.7364317163837
13.6033925747121
14.4950656880203
14.4887256633051
12.0224770878216
9.95032879987162
5.23316097154942
16.5889838959895
18.9173492401652
12.5461880953314
12.2421430793186
16.0188578317797
32.692952090767
36.5124985662012
54.6631304673797
78.6244965579122
84.0565932937531
96.0046462543896
93.4902356039951
110.170886291685
107.146116337674
109.211486908208
106.793779187987
90.2127365874885
89.3379861533089
78.2722895469713
71.4303863557078
63.3292867267904
60.8132631057025
65.4415132619165
59.9268179260426
65.5300491719266
64.5754116641884
28.9843543227652
1.78595470981092
22.3700691427691
11.9015914620537
8.11718469924798
8.22397213792855
-3.42504957878621
11.8162209473545
3.23272714988106
3.82049002655946
13.3344978997767
4.80994421522723
10.0751247455848
9.00687773230942
5.91075337676569
-5.2235699484872
4.2394811831076
2.25427776000112
0.235358944228024
2.68964718195739
11.0251788333282
2.58787322935778
8.61654736850596
5.65097449056071
5.07181883785892
4.94959012391058
8.44123600972433
20.457257852281
45.779789549434
45.1683591521472
55.0668168588485
80.5967418688169
82.9747946794843
82.1269664975726
85.4037309295035
80.9380258399712
81.3855987147467
76.2235895913965
68.8465399634835
64.1523328021811
67.6427548678397
70.7195575306535
68.3296758662127
55.8048906580667
51.4337386390107
51.25060738914
13.6744434861994
45.2034544583636
39.8545283974443
10.4478803059794
3.45626528269259
9.81160401643695
2.07805662445028
3.36040612866589
5.71531621915027
9.96048201293183
-7.61815101030721
10.2985396542819
3.28942762483114
14.3190798312293
7.07299941071664
-5.06426347135737
7.31521006905851
8.68827082883459
5.11259347279443
6.93578148654063
4.99104305287517
4.79151330234195
6.40797319922725
6.97798096352329
0.93172068586962
6.44375386604232
6.60099294683469
5.36211221649573
2.80193034492035
15.1864605231019
30.2522232047697
48.2591333075593
62.4485436255004
57.4336219291813
79.2857175440275
62.6752432205514
66.2071861470033
66.2171381201263
98.4045497749842
46.4230581920419
70.090118443693
30.1346016072499
49.2909919273746
205.924771050908
204.524404260006
461.707980942105
154.860558341797
111.912066532177
84.9537053857584
213.640747669814
126.460115288943
119.221810324049
81.1571783518333
93.4233991257014
33.6062401312921
85.3466993512788
36.4938932869998
30.6626919602079
31.5069579896365
43.5654261045983
50.1074654338567
-6.95543400344389
9.26075533597214
8.2520186769868
10.6899131582595
-0.0640262080322889
20.0021885757137
16.1589296706095
39.4257892030661
29.053524582229
70.0774765847365
43.397194384833
49.8066314898936
30.6217051453306
35.6974467335712
26.1358654517733
67.3736490789246
161.731511956758
135.389660103931
94.8523650995263
121.772759775451
143.745575412888
163.685988825676
173.315213829689
187.490674034405
198.423151205869
211.847775412851
199.397542726451
221.921120531636
224.539751253089
198.794438444109
161.623086104122
201.308112154578
175.055593678848
153.09469119949
129.661907717107
87.2285644421241
91.3769599041596
139.761176054993
102.464808197287
109.611888279966
80.374340475587
63.2599505984
11.2865823724066
40.6436922636222
-0.216869095997095
-3.94117178915495
22.9046788978145
17.7669777389086
31.3460788398641
25.334176408585
43.2086073720635
26.9367933787939
20.1814785064025
16.9572288240823
17.5274592594187
25.9699069901946
19.5687926836176
26.0557678628363
-5.60909665227599
21.2107128999735
-2.82473221425656
27.4223840249986
-8.76950250657874
4.96659670240048
63.1290543446676
54.9130921744709
84.1089476955055
106.678977693514
124.246263362862
150.004832733502
167.597835850508
176.718929212518
198.517445675336
196.36053899089
195.109670076107
204.265826200214
212.519581489304
208.164232015321
197.349841148681
186.753157348925
147.486350134335
187.185804883737
177.288739076861
80.8226401121645
41.0282353507751
45.7123929453756
55.4045351301525
352.398672178479
122.508744509197
82.2696319727806
67.2462488673958
92.8645181257791
105.716071066067
88.2175072956856
83.7122960661081
45.3567215665395
22.648417291495
32.2287006314909
31.6126635123056
24.8302163389621
-1.02720841349148
-5.33413516500831
12.5778494584797
6.3874254396732
2.77577101993355
8.65282876688019
0.493402446531584
1.14588246754272
19.9953695127608
31.2863460138854
38.1886467112967
39.9879126846543
68.746838326045
81.2642920636013
138.978425042557
208.366175338758
122.991196159237
133.415700375602
141.435422811361
164.252435264695
178.900068149975
183.694394428035
200.648423356752
203.108019767123
203.860264306138
211.86539075018
206.454766730322
212.397710726564
203.277148179501
214.746664783605
205.405864815494
24.0364384967193
91.7712211183541
147.554734109922
219.738064735506
106.983566427569
105.690576275551
83.7960762834201
95.731166767578
87.6103235603136
70.8765376086642
39.7407585496342
136.724571837201
19.97262441719
34.216323924847
15.3746374135643
29.3050978539823
22.9860755235472
46.3782969619068
27.1364200181264
43.2421722353775
28.5454436166518
16.1564148147576
18.3258411579218
-1.90096101395856
29.0107534075432
-1.12811181393735
28.4962108552736
-2.69259475284363
22.8739769998006
106.508482789076
171.408984099054
231.505028106492
116.969589849269
139.306117630237
148.48203537362
173.197362188097
280.760428174304
202.012200982114
219.579667319365
226.890736996589
161.923702189575
134.631447312345
69.439930556136
289.293772855711
195.202318697238
129.93353181154
67.6563029295649
78.7710010093485
77.1899166488831
180.766396250944
211.494164239468
203.442918355519
156.750789636188
61.9131615469557
25.7016199728112
11.7137090698696
5.00085118305654
4.41338638961847
14.3899474183093
18.4141050284555
25.0914182573379
-3.84287123323724
11.2612177020259
6.89681636210451
4.65417247288991
-10.9373682988205
26.51091306031
0.679966660887984
1.39150854269381
17.3599466614534
-3.09993293242408
-5.9022512572011
13.3846356556512
-5.84584512617057
10.3181048659033
16.8661363372654
18.4357038748529
107.999783261107
62.756056566278
82.4747356105961
101.448068611724
129.19631394589
154.04208332169
166.755578102103
192.606010132635
200.901882024533
226.590762307425
237.145260967269
245.299959969056
237.791529347798
243.733116410059
204.716359236317
211.202104994083
219.145574416133
89.6899239438896
136.891062578693
92.7814324017129
121.690090091417
134.426345350443
78.0344810814129
61.7219507519232
109.548141172459
151.750212675749
94.4541653768871
83.3489807947609
21.240847140051
8.09926545284332
10.9834215478904
2.90085907606395
-4.73927479222198
18.0183897575494
9.26269440778391
13.0300205567267
26.9878148303308
25.6799094596217
5.90487573011631
13.6340099762255
14.2714345870002
19.0787548984881
11.6065906683669
6.76383939098376
5.60621195826957
0.837277716838586
-3.12218162526452
-6.0305602436486
112.101084944246
192.404368471768
160.326192061792
102.456575933251
132.871556316601
159.481268207896
183.459025704794
196.269539346623
207.774294575829
223.806806223503
202.322313381961
203.645981028028
207.305458754038
165.953145412906
79.4343949745842
46.3028335866716
216.915806822415
200.585139267341
256.791499851154
273.255376043403
130.039560301537
152.278615358799
96.1277018567092
93.9167362755998
73.6645233301512
81.0078535732437
52.1737576113714
-0.0367350577725591
14.7241723805442
17.6447972041547
20.5755154610082
6.66896062916859
5.52478057389277
22.5199635026166
35.7203793466481
16.2369550741952
9.79294620379638
25.0770862125109
19.2678269878686
41.7354155129578
29.594225475332
22.0794856276041
-6.41249697511082
12.0321243213118
-4.31287721573972
27.6284339652421
5.77156189595301
35.1947542519489
85.8852023855677
69.5911195008865
131.791664592997
125.150685193031
64.488804309062
79.4119535663443
101.968306277216
99.4073558482851
87.4898695579678
136.358630167385
88.7392523595178
97.6633499538265
116.164542246177
106.301857862553
106.221341574562
107.673763918298
93.9615281087948
75.6716435087676
100.261120196057
56.99767936096
52.6364025368876
17.7828430707013
41.4459975868151
30.1729618759512
39.1600623540932
54.3629054422757
72.6015701691511
57.6552799342149
54.5195629912541
42.0077346063555
45.7999210193831
40.9222021612482
28.5272951414312
11.1749780044896
16.8802865858956
27.9984291529298
-1.38018053399938
7.75530614272633
24.7130116801054
8.29593651361187
5.72555245760717
-2.34760553149478
7.00027935059049
4.26039110027755
-0.531485391770637
-2.99158785878561
37.4002323378038
26.1940196962856
51.4291019864681
67.7590848809232
85.4285906330025
109.946424261452
83.1935142627193
71.0282786911232
139.613818137458
147.724958941874
182.408117901704
163.948277834665
206.958537352277
211.577381914453
247.101040436639
260.170257914909
264.262941966346
285.912846628385
273.156103312836
263.46142842824
269.491097219818
146.64746876791
151.566545739033
213.247135031696
79.8139643688038
70.5661275863613
53.9104963005651
57.3055200102891
60.7093052900432
60.6036626810452
60.8272655891171
51.8731702959621
41.1304279252211
18.8572736431857
21.9949839930292
22.7992081404709
27.6126743805777
23.9733180174817
19.9035761708146
2.89107959040256
-5.4856025835026
12.4006557866469
23.8613208056046
22.1595979313756
6.68555805278975
16.9302982690622
35.7309871567148
17.6413137360882
5.11252958120439
11.0069388544668
28.0955480562964
42.9114966897998
47.664902534
30.65546230791
58.6467658919803
162.952329498925
175.838869556827
75.7682728047236
29.5536987938596
66.0372553632612
112.350078656821
108.579406964187
120.010736521559
129.013211503775
132.020546830017
150.534795354146
178.722828368519
133.950378369203
149.954860903919
104.390759651744
82.4484309202079
73.298720332102
85.8528805550456
62.1450553257563
44.4111992094331
22.3216154574778
27.7870560245306
45.4376921406963
36.2096825011548
18.1780287126235
29.7967607997094
45.6802527118373
25.8870104031191
18.0003220944032
24.5682738736594
21.3040543482699
22.556584514176
18.1500124006931
21.084537644146
16.3471501747796
17.8153717922972
16.3428392505603
19.2390498010324
27.4790623562525
13.3068681390231
30.0491374110898
24.4717432045371
24.2969404910845
86.1466479587975
49.1071598636406
75.1303101709091
73.6574013938432
75.9224581443817
76.8918060154017
103.160136420123
97.6324949133395
105.083679305432
154.863515966737
166.824667165421
107.464279501858
142.128492446862
92.9373186049722
75.126455942466
75.4207813460035
105.466908870833
206.799269030249
155.482157206026
82.3901577057541
87.1616943989712
75.2145428525792
83.0735892012372
52.5807197613037
36.9450684381223
40.0275160668631
25.1769891301279
24.5885815647711
0.940455340304126
16.0271119666292
21.7801181055582
17.2020354831343
9.50846759467228
-4.47621866632334
26.1613496780592
26.6596804184455
18.4870085307747
17.6884467679746
14.4494744703475
21.1333469251518
8.29294893062188
15.6855203035129
14.0406716685002
13.1943851370369
6.89279345882507
15.2825181243444
12.0702841336587
16.1754643128683
33.5519789683617
39.1160294340012
42.5879007289683
106.438113508611
131.903665894888
173.759919283552
181.085237203771
208.326079996353
233.7414487379
235.217827569889
253.818726802953
262.757499638433
256.782655916134
261.840129695131
266.162117563728
279.704203461103
214.165581112613
207.276084026664
200.945217937344
393.351247056032
67.7413139418278
45.8292516348114
47.7067512428223
63.7880651980614
48.7148801561137
62.967099676663
49.3722666620316
54.9797444766722
44.3725342014368
37.9476462381493
27.8674812643144
11.2605132425807
24.2875187169085
27.2024104808744
1.93310076357037
1.42108666863414
4.22348515488944
1.35339516344634
9.63622035766557
14.7628477528739
11.1297462641179
11.0543003008214
1.91782292739905
21.551560971937
12.4677734535003
17.4145285101517
5.13908771042873
2.77532352705671
40.0127990762543
42.0670399256897
63.8047364472183
70.3399569220807
98.1626257960172
104.753178488451
147.050809206469
128.94282489297
117.976846236976
137.878354402831
117.321994134448
104.497842375291
111.226934018691
80.6991761439614
89.6563136851342
67.239468203339
169.456052276804
181.059306897967
148.182620762272
129.07122550632
88.6427656187196
78.325595739672
44.2390971691529
43.2166119173203
57.7804302805209
64.5667961967841
36.6375759046333
14.9905368109215
22.7393067686698
35.6897714489374
39.108754094466
30.0913722971794
6.93958507447948
17.8011833087229
43.179138115289
50.2261799875852
51.2370002589222
29.8005772044192
37.696487695347
40.8081581376443
24.3525700556916
26.2002543608633
41.1452378354871
5.34479632164426
3.31345771907558
20.6697678569699
24.4151026491263
21.6235884310918
22.3357357342246
45.0088554084964
36.6561959176802
57.0591176235329
47.3568542025132
43.8054251580713
48.1347847875089
71.8989029853706
63.2250535760313
47.7393417013544
62.6809643022115
63.7766491661673
76.0131836341434
84.6681993990195
74.1764333281851
51.5649645988523
104.277994294031
113.647518604315
113.200821283057
103.848941855982
100.68114425589
88.5266903287926
71.3519071225465
52.9610440527978
26.5471547380154
22.9610800943974
-3.30134862365185
10.6604142315645
16.238226802439
35.2968101414447
4.5998491166111
0.561366972864695
-1.98391758903719
14.5606142980954
7.70236779449591
-5.00946837466933
4.13127706047438
2.04313397706493
20.5576438103151
21.8207001254194
22.424259308815
27.3042261704309
6.52658042732402
3.60714656605916
17.0509872748329
2.06741334144132
-0.203289285621953
16.4021248408791
34.3535319943852
37.2606358989611
35.4680019559026
28.236487194911
49.7123423507462
86.6650821012622
87.6047789638737
88.3497790576042
93.3855537856402
117.516986317431
88.5673754595752
98.6714774588848
97.3612068051826
88.4318365649614
83.3564915224423
116.986722867799
92.4197900745329
123.884689289968
119.4935875588
8.74857520336021
46.2420639478041
42.0695852129784
15.2158467222186
29.9537440532611
20.830279187164
30.9017199211435
2.38713328262639
26.352413615802
25.9735462509731
-2.46665645480324
17.6201992852347
-5.10938557661531
-1.06422579566939
16.5951329890141
-3.46979602742225
-5.58600787924217
-0.642418371252422
2.85017850294919
29.9022138357531
6.28927425265787
-6.07469271517486
17.0394298268501
12.1086264473976
7.46985231625606
7.45380817015011
11.1035682691576
3.01406349078523
10.3374785789322
42.5752180314853
63.3124475366421
105.075276485316
127.995648035188
124.676652203646
121.830304661954
173.324456193051
175.688487638819
212.044122904908
248.070462194303
258.544182255181
280.256769269102
264.954416218144
261.660424516261
238.367931729377
278.768472073768
284.324305505276
201.951301823671
175.85828416534
97.5567452616153
116.851806109525
80.2679572583178
61.4002993448745
14.6789859560306
31.2648014255826
50.4635643995471
8.47473439970307
25.0281271396676
44.8308587089218
25.3491926896533
10.1132516944649
19.3471906070668
10.9153104825941
3.34122861274676
26.7586227775836
32.5435214632348
24.1650845897076
21.5375640728226
6.09030554658541
35.7519207401537
1.80048509844494
10.6120701401212
1.28415222825337
3.05496484042501
30.551715188591
5.91106856454095
10.6528277677463
3.6752121565441
17.4998174499699
32.3945612926848
49.9966527403617
55.1771168596796
62.8033512055589
84.1657525242515
88.5091950800643
153.187033447412
231.874842410208
217.039598687119
227.910108821564
226.37978380176
207.691521944721
216.883234836299
217.859632586958
236.371418585709
186.753637691848
183.029877240416
215.444116174675
72.2561693429156
88.9964006226468
69.6989229135479
29.5702419114728
32.0343118867131
33.2639492740611
31.8034035161121
26.7190672975504
2.79951393893611
35.5930041458565
36.8511444167263
8.60404076335951
22.6311879276306
28.8585940397818
29.1134908091524
-1.89212305550586
10.3692120220214
12.7464389775747
27.213679987684
4.23020128694564
-1.33587148317295
-0.411148171685626
-1.33142390200477
-3.07993411386874
12.5145761372158
-0.874868867298462
14.262695560868
0.490040391647986
10.7111610712976
44.4489976829205
35.7994561718841
77.6102160239109
155.225441821741
195.626760097949
207.876279086894
226.543611897209
254.979512078257
249.217391453603
213.281843626625
292.226746306034
296.249573843969
304.651702544012
252.020982011985
220.58815760574
188.22992588959
246.441748266913
218.568435417246
177.487453528952
55.2503550959137
87.909323099432
54.1359870579409
62.5294021396794
67.4898183076728
111.738287684883
106.864465843856
66.1447495779994
28.5686233720932
21.099493616347
29.9304701820811
4.38033029898418
15.0319276947761
18.5362144258303
31.0299971472773
21.7860988356923
31.2829947727198
27.0936931759687
-5.03112366768168
12.8426693760544
10.1904623427595
31.3213696526155
42.0177866038939
29.9974276828186
43.47515733828
12.4157457774639
6.3793576496596
14.7318308870176
20.7101197916741
41.3811598519013
28.2524621079218
54.4217163976473
57.5305323411071
114.296759358222
99.8090901641293
105.407652651879
132.840883834432
86.4855519284204
78.6023801210812
85.3648883906919
90.9899549986344
142.499151032547
157.250350928073
123.864949250226
337.475398672271
133.869220051995
163.416030806581
75.5734874661789
84.4067573944057
120.693549854038
116.972753413607
110.94876988761
124.321668920691
37.8762161941168
6.58355847977633
6.99820391106189
13.7259681081098
17.0185577762241
7.27052924220592
-1.2744338908941
-0.132824312123529
16.7380851193112
1.95465665464867
5.15527677334788
23.7323608255223
17.7613066119745
33.2954176979414
-1.08338288849257
23.0345454307765
10.9439425942324
19.2714483409293
39.4182523473568
25.594445363905
20.1169991853642
3.21611497813592
22.2877984866843
7.15231084045589
93.0776265236523
101.073527158286
99.5197394670982
88.5945471021657
115.880299774837
111.695605871042
206.033306120206
225.599955348419
243.914344995168
248.926026264042
266.951923461118
277.068962298747
219.831866422484
210.89684071662
229.85254165483
282.374284954998
282.829360445745
222.229217478197
165.719318308075
65.1168177984223
57.5747067980224
56.6378332378583
51.5464985909288
121.370530691605
99.2309387624844
86.4631957575264
74.2341334823998
94.5066214580449
74.8537331557472
68.7228264041078
64.8189861205734
74.1780243125618
59.8463552683145
28.6905468475893
35.1032648373498
49.5739422262472
30.1601300886388
18.9240064623533
0.164683051757478
-3.25528862379634
39.2447137190575
28.4030658750382
47.1344562459247
22.5354128147874
6.49652440060086
0.677058846346209
15.9579583822648
14.3198341448322
20.3990692014271
70.1102522046303
47.232336269744
59.2382112454493
61.4386012282434
94.1970536988563
127.387721673488
114.587196868988
94.913300468708
83.7132221501981
141.070228082344
222.826643939348
128.793997429799
127.947545016867
228.205331643753
210.308383085918
229.460146933886
232.929717722801
202.72103430036
3.88972980062952
14.5116472169448
29.1393906237375
47.8179087870803
28.7443900013134
38.8573061115911
-1.47944146842995
-7.27644769964857
39.2847907779112
9.22924676573406
15.7094889882023
-14.9634521524166
35.108223996563
12.2881416426038
33.2019400557754
4.87871000430886
9.32319875922761
-0.71543411247666
-4.17633646901608
-4.91115586950384
-1.39700081204092
-4.09570688860891
5.27934896896283
17.1213384851269
8.7823646694559
20.8215429253336
32.9429205246225
19.1809875715826
18.4653861742072
63.3116542037489
58.0047723046483
129.375965605562
107.464285436251
172.880341810257
221.423960256809
196.779212420494
194.401964697617
298.762139539661
280.732032184302
161.334836297432
179.60657435679
307.898703519007
294.457658964645
312.729443164441
63.8216941401944
150.121602723291
212.397057697691
183.673214739858
1.60146822558085
67.3583309404094
69.3082089427941
51.630417969147
52.6132078921427
39.8194300533228
12.023739214735
4.88073770434541
24.1469256476903
43.1892744912329
37.8664126603413
28.7829402352447
19.6264471676844
19.8054239916823
10.1451463497157
11.460359988149
3.63814842938073
5.59159453482143
7.41461887866262
-1.77539213172352
-0.819488672450845
0.604296470800717
11.1131049696954
0.142157439719802
11.0685443816418
3.97558426825353
4.57000386093103
23.7388846778927
10.7690081154311
45.1055875003028
45.4302096290674
92.8867576965695
93.7783338985497
131.834446277412
114.678814632951
115.607264610403
134.413112036429
129.086282170878
121.618432759945
126.727946985611
119.327728586155
210.706077070869
285.993432285173
185.402253123651
204.727522435632
136.919180707173
133.250731697718
73.8577049294638
38.5741424571052
76.7481174638644
30.2436433518611
36.8630049206011
6.42590874925456
35.9207356319316
2.51030033638968
39.672004693915
12.2758544178044
64.8454783413808
25.7342727735778
0.864450519360575
-0.393298656917959
-2.78007428422091
17.8631098596114
26.4966880006635
1.85823043231801
33.8508244417695
26.0350481497783
16.4108046249822
30.8721677301218
25.8217759299497
19.259327802212
19.7256997523404
18.0806118408106
20.8125146016474
8.52798114855821
17.13930441913
44.8294518849989
55.9214007884448
71.839682938374
80.35292423732
147.881425746393
195.825477236414
218.104934523865
235.192100175937
258.792198914852
268.335028503072
205.734228925061
288.337457969884
301.391868835624
293.920049469845
297.142083080735
150.272833018595
231.503265393286
281.605201429156
278.004503804313
288.164890680075
280.682889454493
139.872188561438
98.5739442338505
95.2724663380991
64.7603585890278
80.6017232106316
93.4511629279083
45.7306922503191
29.6396575392033
34.0624184696193
17.0434138988434
38.1256613309017
28.7125965750018
38.7056791244358
19.4652408400051
26.9356751712016
19.5008634528845
13.8509792041265
18.7798329509969
18.7010783916682
18.9540310839507
19.1229932929274
17.1147301559265
27.9854505539591
13.2148437853403
31.2819325815695
26.5905529316535
19.5571799908925
37.9168993528138
40.4057818220221
54.4923764585023
81.5533374708077
97.5058902721088
169.862148029848
177.124167432905
220.316304990216
225.102440162998
217.325964699759
236.640603302508
247.031095631075
223.694496910303
162.117676742109
118.326488597707
202.118032606892
110.626534170002
151.314612516248
129.435238187059
193.057336303778
147.158308717075
48.2033703019927
44.3352878266992
50.9905161441287
60.8781905007725
72.7593354344875
61.5718079757569
54.0146782661095
42.831554123385
41.4181774993114
31.38389545781
51.232572557928
29.9877665446999
24.6176679833117
22.7969911028738
22.0873227649787
24.3868305747179
29.3410344826597
-4.98130860143758
8.3425918308488
23.4778021566288
24.7551403387141
18.3802448966786
29.2117497478138
20.0237756850256
27.6573868699709
25.5147681689676
13.2031730715902
36.8928884973875
42.2224736190918
64.4674737031107
90.1805188359331
108.24121677541
148.308754123531
156.372082894108
141.868530240938
133.897682152944
209.741390315649
235.747022952503
175.619949263435
239.362755912888
225.940241973183
195.004404031723
195.227554721094
123.887316906412
215.856780385998
104.17581531252
56.5950174974182
98.6812761058764
219.921941323961
193.335558622022
70.7766390082297
131.830088514763
70.7629733586553
62.5831108554739
56.2620199129909
62.7181221559519
31.3595827523934
45.876198928262
45.2574925604514
44.4929764008018
52.3155537238351
35.2998479544631
29.1711270557199
25.9918819851553
11.4811390451284
0.30427103681699
12.2472238269753
0.865846943067632
1.55013239999781
-4.80690966656717
16.9864145963259
31.3487434921497
33.1404708005645
16.3484098696972
28.2885609571921
40.8430015739907
105.574673204042
156.426848821463
177.095481866772
156.073027970406
140.835999875077
163.706277156295
186.764157987608
209.183196071307
220.939628255691
230.643610868401
239.831895802616
251.14681468201
251.546304960796
263.346525312452
278.148449833677
281.732396778936
274.016848624164
262.858442655369
257.417745342849
238.298058756789
40.6803454359183
91.494776954974
39.5214781676684
47.6581319628715
2.19035763335459
4.27130799939463
68.9371381839474
61.9022646637651
42.027456008151
50.330742983484
5.13264665267686
33.293874848224
31.6603046029843
35.56649655323
20.1630369092985
16.5669220660101
27.2043500761436
5.57679382585076
24.9757918459368
32.4235119023426
10.6552800870153
30.2878755047995
15.2324246100566
36.2571719122376
15.8104117222872
23.1489296651795
-0.351772857106628
33.1939912865708
51.3189960073829
78.8913260496359
112.962270580693
141.768480719571
184.227804700452
212.511032440801
235.344822292056
254.000589125651
269.062995043123
287.111272163893
289.626119508089
285.64916031689
289.534575938527
266.349310316614
267.520445807805
198.138580589279
248.082635234063
64.9849187400141
146.973209919567
85.3122189110456
165.38597325743
89.1948779424176
119.264643256711
75.817297467374
129.769950156157
50.668773586968
46.2271097155292
32.9552843183369
28.5025973019076
23.9710645675359
38.5270672671626
23.9780398166113
29.4253474628503
11.8757267290464
5.69014658550288
23.3276209039886
24.3463177386323
17.7074418554934
17.9154809438405
10.8232084049853
7.76801505893204
1.78808654037715
16.9854819900325
26.0763580399066
14.1520747629705
7.58534104270525
7.86231621737566
34.7107679613767
48.2990751602881
55.413631121528
98.1728761836583
131.917530734014
183.47672614565
188.09395363921
217.412583248892
244.959616461798
270.750509447692
293.427325040162
308.507449006037
302.021408924221
279.518295735953
302.592903388749
277.496647114527
289.427357166101
284.356971666399
288.906541443549
280.099548780384
256.411986093273
177.454347386468
174.928785436792
110.767533592813
130.47079208448
83.8756451184521
65.4807754492197
54.5955987600052
63.8295260783645
54.0085761122541
21.4637695541838
31.0988595089843
32.6883436532019
25.4294838911424
20.4357689824993
11.7473286883182
25.1509696898243
3.17101394797507
4.96898619911944
24.2243997696682
18.6294248179004
22.3793903295397
21.7048021232726
14.2867241299049
-0.571717998695123
7.72782219661945
22.7604326738146
22.2530741735528
22.4608708169601
28.5402104829518
44.4436178725262
70.463534252555
133.727999274976
164.022249434661
156.339496591476
207.510565834256
226.303342199995
142.659232616237
147.783194729215
154.757374614092
155.321054452372
250.249323989956
192.820081626215
163.7430942249
197.021919643805
105.52888825913
92.0292978531682
69.046816337908
117.643662292033
175.357326475383
168.154185311552
11.07198997055
42.8308080764141
-6.40246523908619
32.3598953316894
17.067857232565
36.8336813274029
22.3768684733843
22.7054245918381
-1.57777554172727
0.934910259449441
60.7616420704543
40.4530864055179
34.9967337540697
69.9523574247689
50.4757130876394
43.1377949625181
33.6508344463243
32.1571040933877
45.0736761522715
67.0177104821291
51.611015695205
16.0083246602751
30.7318508156974
25.3048510265107
19.608093662137
39.7642399335829
53.8839641172678
71.4946087718544
20.5609291500331
130.030182642075
166.650307350684
171.412299543561
180.626543302674
199.551134829856
247.620332608472
220.736382505915
260.284284495545
256.065046054541
277.801905472254
257.158140747696
56.3775412846514
51.7578002707139
348.90910787952
247.191649738429
151.070427466966
140.819277993434
53.4140519444828
42.1160706392369
47.4409175605316
35.0221847784048
33.7367256622421
24.6160102774
24.3365691665024
9.21662008827799
24.3120385887274
14.9177628154481
20.6924853992256
26.5683512336309
17.7284725444169
15.9959719901216
2.80649303941768
22.2118919571069
20.6224336077774
9.52577664067863
14.235352732048
8.31292889356251
10.6563780009309
6.2344313781701
7.94858549820766
12.1794278571115
5.60160790445049
16.5631163383244
14.6912634197599
30.4517859752481
44.6592299510336
72.7541040052313
105.540884653058
121.139186478591
155.201614167541
183.37048255736
212.328771585618
220.08369065608
250.570384583508
265.249242360457
263.969704212702
267.522250636449
267.707958932252
283.314977685927
281.196077800909
274.090458301431
262.291693202346
258.072596849053
285.929626568455
261.026617335003
217.922794910461
171.816732316228
130.762849545098
112.668866841007
93.0094719818756
43.1762268246802
60.2143288692691
36.5271337055028
1.55124993919373
10.2186687336602
35.010492417429
39.7535689834275
35.7823684415766
30.2421766475228
23.4777058521046
38.372597483749
34.7644468000848
26.4317643108463
24.3699536316005
29.4828957652056
-3.87387500988395
22.6734548311143
24.046631515873
25.0078954633792
-7.4949489793781
4.93438333535551
5.79151928296821
25.4700692584754
16.2035819091746
50.1339619970512
95.976856462278
140.938727881772
157.233376138346
177.951854450268
206.827281891803
231.500022319668
232.730285312051
250.204249191156
238.941845500642
244.135376599354
240.200094813963
227.803677717355
229.870706176614
233.902242514091
223.935000080249
224.59690390925
228.592267398633
178.138621213654
132.122583759683
120.932875701972
64.2226529654723
48.4921630649377
20.2538464397572
31.903529285873
13.1490263808812
8.65171587655509
13.9079513561328
7.54271043011273
16.0395154881372
16.1294499868508
20.8461673701677
12.5907222091436
-1.35909648795181
6.81497157625581
0.959684210561613
6.91244841369807
0.717576021960731
3.43525365071443
5.47066402929529
-1.52190115544951
2.83693646190701
10.8535195337458
4.22447114537044
-1.49651564088394
8.71907954282376
5.23063421398528
24.1682480276129
55.7469807378805
56.1186417036695
89.1186709925956
111.60320678272
102.546387099218
144.335602815048
163.947394969253
192.033051478744
194.213574592439
165.609016569645
161.654708791081
172.334230127129
148.054731188049
147.122140740645
135.282155933434
138.821660643
128.999930719804
128.643503418447
115.558109089646
51.4276011781608
53.1942205708342
40.0994130197535
23.159599637514
5.93173463119876
5.66867076689546
17.9829709372606
12.7315059751485
14.5424088558546
9.11395563561569
7.78953167913515
4.55827710721638
1.16641400505284
-0.818322239806632
3.96445568697102
2.52829557267676
0.21102367822956
-1.95457216089086
10.5093029894812
128.747206945278
41.6936811147854
63.6082530791722
32.8546426545766
30.4791648921404
22.1390161091404
25.7161383925869
4.44231756740457
20.7662224789159
22.267248449003
32.806643593872
55.9458838962766
55.366260354109
58.5190734423367
76.9823035162267
98.8529010903415
76.5120707037561
54.5554649572536
51.8789425347581
83.9928321924997
231.453220269305
178.320803873423
136.685836543865
139.415139816505
113.306511996302
148.084562791572
172.238277285668
171.011585050757
177.738138188288
12.8760347029318
46.2812663923726
38.7137474670666
41.7917077018798
14.8653713266065
31.1122180689846
30.570149097322
14.0078653603031
34.2759844858067
36.6132431738077
28.2442413483948
18.6411906971136
18.4906443658175
17.8229815492595
10.1921932047555
18.1294355852862
9.89499566613296
17.2173976873604
15.636326181684
15.7586849219015
84.2991191573673
24.6927100506108
4.85760195743702
-3.40313988647249
20.3986419820917
10.8274767452999
26.2720841152309
35.7706981698516
30.913044281734
47.5452003362202
66.980252054799
131.458529762037
168.359661981366
163.753682018106
212.748356573088
173.180712467931
167.313123442633
168.818569884709
236.168808666844
266.735146239533
232.782363280577
345.200558493294
152.517682804628
121.21607182287
160.096467854878
210.292706674318
208.438356849828
161.318399527497
26.414329159792
105.138757454969
133.587827405101
85.3701962421412
67.1001381668589
64.4176768173027
38.3740079232208
20.0802069365349
24.5413172358709
43.3471388026568
31.0827870260666
33.084945116089
20.2414996079053
28.5190864382614
23.4454213109777
23.2680693323312
14.4694317064295
25.6426901848516
18.5317577784526
-2.15807568586454
20.8103918794082
21.6710390508344
20.9121866667752
20.4788832569757
24.3699438202468
3.27007068533794
-1.1858636454055
28.9345537042772
45.2107640279713
67.4311147612573
83.1033985237856
119.109680360316
152.320346173875
174.775194884773
192.403474887529
204.763103138994
221.448513793409
230.372393186846
242.640640296262
242.072881149398
230.339565055467
231.435565408497
243.436393796383
216.250115465235
198.955542290805
193.365121922183
179.267042431838
199.705335765295
116.208219135126
68.4558833616521
490.386631948612
284.634588652212
86.2328614716321
42.0046765018569
1.00364415812558
21.4869875297651
29.8205602854829
29.3909166814899
19.8185086563122
20.6495991241524
24.7668059908673
27.6273536033641
27.1180342470591
43.6066637671162
19.5188874915335
21.3670914605287
18.4932645688068
25.8894748255154
14.9671597581524
19.1415005311353
27.1157430597411
12.212704903866
13.9946663134122
18.2126227168662
6.68552988652729
22.4535822169238
45.835971356595
67.343820404831
89.150541092256
114.895244485373
144.685459757861
150.733659495335
173.536852765061
175.194959514776
183.266935601523
194.324721878363
186.742997371572
189.308046205186
178.33295250459
180.395968974137
175.771861920813
181.708807687217
189.375709011626
180.194992067781
162.950253964296
118.487638493216
116.795993119535
105.948261282023
54.4878533120232
62.2217152405453
58.3610296759934
32.5408921335909
33.0369562923253
27.1457762553916
26.2850433986791
11.7135512483405
10.9256563870312
19.47573211355
8.61487882247958
9.08339026648997
16.6135014924954
16.4074174367645
3.46932700939161
7.13231412392812
-1.57384118351105
4.67669494981115
11.9708364012381
5.54641901162837
-2.14388983094612
4.49603888657156
0.277091437929518
6.48416505567887
1.98397963992564
21.610080508156
15.6941214666088
14.6661309613137
30.5992731141906
117.171675492407
84.431793812395
47.7489492688945
35.689826783604
36.20167808652
46.0523113502754
109.725503184011
106.895755427713
51.0839430291755
29.6268098214959
30.3512783229507
29.1823078425485
33.6556982077436
52.0043935723647
25.5431956962562
34.0219245460192
67.8906336117862
33.8688336826271
8.26828445157109
-0.507487085394786
11.5221722618755
0.153138650129062
11.0048719157051
-1.26565121539416
3.93583228875752
31.0046504313708
12.6292964778036
3.16890679312093
13.7622999416381
16.0139446821249
3.47791237866932
22.422485904504
9.95260600535592
12.3912335385375
5.94595650460422
10.2076739232926
6.71482771169599
2.21407094465856
14.6282399419133
4.04786402757179
-1.47569572642231
5.51680463236537
4.89390185849949
-3.24346616246035
13.4454990935404
18.9128560992541
22.1455213851562
44.7396339071252
39.4723441042313
77.4065243347019
106.770128850626
124.880050968354
156.494830362348
160.438453012078
130.321027798413
117.310549581435
100.134132270327
100.748829343998
107.16046467639
125.797534158977
116.893342666223
124.326689425952
121.451728268527
145.510061457702
92.6665668719882
47.8761564806711
24.1545261643669
9.70747401178786
11.102276313826
77.8998097212656
61.1229338544307
34.7287602952679
14.9847663483858
21.9529533398064
22.3446118204656
-2.08445213368506
3.83226820689998
-5.99227416996252
-3.98966044363531
18.7165608505928
-3.36045279664963
-3.70806262829677
22.1738346319001
27.0222351794363
27.9649221609882
22.4146138731658
13.5801860613236
7.47304560536895
12.5969962093165
2.55371578077334
29.894066484837
17.2416114156733
22.2443923293655
52.3159490946797
52.1927981375958
83.8458170621354
129.805723261189
213.29491008583
121.178959632888
78.9874481354651
95.2693177304822
136.862114995679
151.637949304487
170.676845704058
127.601676425582
157.238532848803
163.700309907868
156.427756461158
139.553078739468
144.408035741122
130.173219219405
131.658022915733
215.516744190483
254.581529778852
146.35392102467
66.1301967495377
110.470440697624
145.811490781516
96.8424280076118
119.76730750514
73.2470114248016
23.3556219728288
29.2297058654508
8.32081356004408
2.28867861690283
2.03999715709518
5.485456999025
7.26648275140218
7.62254206994509
5.40972760518703
6.37750959348609
-0.463192240243466
5.83798505463749
-1.37549190788389
14.1689327127849
-2.10294747908005
-0.634881637362402
10.8577398657828
6.51401045774692
0.284486759196124
14.4289017168217
28.3311725348873
45.250229560987
67.6964158401162
81.6107854135135
94.4720192481921
102.944731163012
112.743252254285
128.498495381299
127.227052378331
126.217910461016
122.07930169465
111.119009700191
107.250404265123
93.3806207632895
88.7434512004567
105.308990008457
91.1172836194912
80.6952204757327
71.1992190638892
82.1837874434118
15.3225506887565
2.94084429535479
18.777351855529
34.089227485815
12.8460931728339
10.0013811407603
2.11686951122167
2.50067844724797
-3.53914447362371
3.13930443786464
-3.88469078856443
-0.776673584774506
0.882715797720993
-1.17553649403596
6.66745272256459
13.9456856787678
7.40355713127655
-4.28773662423226
-8.04651472779949
5.48300353968519
-4.16935251915293
7.96188708444147
7.44914350683906
-2.03258887163461
-5.18754549167373
2.69052595262877
8.20855248288331
14.046338629388
15.5873365674893
24.5414217465034
53.5896073210816
64.6865851882258
74.3893668672697
89.3845301408732
98.4054079306231
92.4144809381919
105.795090636382
95.9919951548178
98.2319587589565
96.5542339094654
87.2778572366124
82.4543455043266
87.197844122109
82.8904160736134
76.0585057218565
76.7725884900753
76.7552518832399
82.8104177753404
8.136344045787
30.836768292121
10.6846745673389
8.37294399238932
2.41630671877248
-2.39052542408166
1.97018700543707
-2.92983180582479
-4.56307728192821
-0.352501418018213
-0.457889947321106
4.76681696356919
0.888069158810276
7.54567551814937
1.03665224977378
10.6559091578903
0.105850646093245
1.22838497595818
5.614178912747
1.11686317054528
-2.60699692485996
1.50071972885815
0.0151683413599309
3.90297231417733
4.66794920046822
1.22694861960568
5.75985158226141
12.2362728808246
15.312706594437
30.2301729080857
47.2454834074955
58.9772178544765
55.9599130425316
57.9608628623187
76.611332388458
83.7251604035826
85.7155384729692
87.650533079402
90.6221915470366
83.274744673171
88.6725191208932
89.8752075363604
77.1445743627751
76.8987585984849
61.9509060126632
64.0052133394177
58.5153261938116
57.3055711903547
-8.17335009926891
6.83646382395605
12.7165190047973
10.2425840796549
9.66531908819971
7.79588124047242
6.07866911541263
0.100839076088138
-0.454800668987459
0.495417738710132
4.8260784987093
-1.49231747685194
-4.02536257321798
-3.63596861015905
5.53038796701285
-4.62076779067421
-3.96119405641325
9.93912908834731
5.03889134854947
-3.68783814188859
-5.92761230140724
-6.44477901011449
1.85008521563371
2.29072542337437
1.58229372845054
-1.83510557942641
1.70182758291126
3.21280756742882
7.90171773962444
19.6180304277559
32.733757510868
35.36534058306
63.9482129412591
68.8444341248288
73.3145144317251
80.7567357880155
76.6812567587984
85.9837437539523
77.4581498047634
84.0842288089355
83.3093021556519
82.0695676285708
70.7999428025018
70.9406730489944
69.8456598372299
66.2945446746041
70.5701427199963
59.6230086764386
37.148628610981
40.2272052070295
31.4420623033431
3.50654219062848
0.305855353503232
5.95432988146103
11.04243578772
5.12257427851669
8.22961136920916
4.85150843091575
4.95419646683459
7.40732402723565
-3.50402750905528
3.28277646589823
2.98314337279489
-2.1478384885943
-2.83932907460343
-0.22195032556484
-2.80164087233324
2.14743561587996
1.44064275280278
3.32828615752974
-0.146482900753105
4.10118059653249
4.37799012953092
-2.99138647991384
-5.5657733033115
7.94877212604383
9.63703421959172
24.4209844385385
34.2562967286605
54.5628147989524
60.4056019877778
69.1202265553953
71.4256310145004
73.7298727627958
66.434587106686
58.743254383786
76.1487090152354
67.334690675238
69.5156358267618
70.6935750255857
67.2442450178606
69.5455759693711
71.680207013959
60.3299266178648
54.029971645365
43.8036541219584
10.5716802459354
77.0517326899628
53.9133650884829
87.2939386058384
79.2486190424321
25.9846230641327
-2.67284377609455
-1.33693736540089
1.42362116431199
3.83065909504536
-4.56214315023308
-2.10398037579361
7.20668486677956
7.44438407922962
-8.32441640099315
1.21984251834827
0.0175732975019059
-2.84507044450283
8.01356884779383
2.12268466254842
4.82833765774422
-0.618888374535479
2.05506102709937
-5.68583100274669
-3.94103236789505
9.00722862194111
2.18302243408634
11.4341163106866
12.2749648459094
27.6950103680857
35.6921456818802
57.6673059016852
64.7760433394964
82.317829551485
93.2519112402872
91.7823749862971
93.6242360131379
93.8792091920652
89.9586266220276
82.8706787319822
89.1138525194132
78.2002679746326
77.9063227344247
72.0901632645662
70.339889185566
72.0977772043689
102.567562765984
215.616947853581
11.6077210492528
168.966153966357
171.081101475766
152.447103237722
177.937766612664
168.498418385268
123.016621797891
104.543397430304
70.281062114689
20.7555690184494
31.6538256154814
27.2800848223978
59.3096596937547
28.3261465612786
18.2654230617004
-1.42981081258227
0.820765046115077
23.1911871607634
14.7540551538365
2.85745667978455
26.7665548731787
20.7816604791932
6.98493575383407
19.335815885733
31.5847255785456
30.6326334530136
17.4700652264201
33.140240387109
62.4412958686325
112.584674254559
115.827348877771
144.244221986288
187.072551861584
213.096833466156
223.09108316272
198.097716662033
302.254384174891
311.32194214256
337.833835254544
334.334166930423
353.801429376582
363.24324943015
365.141674724472
271.135088832424
193.657864255887
190.913013750458
198.602995296302
332.966877323142
161.799296287046
126.191956549066
71.9624246750005
8.2966473011378
42.7791821103598
26.439769903289
-4.76452496119644
10.9175096428346
13.6790522016984
41.1742664480134
20.7580968804358
32.3326182219328
26.6889403397986
18.5926940883741
15.5689730740371
40.9493747178312
26.8315883899122
16.1954362031302
26.9252959156338
29.9140018549081
24.5339748133843
15.137189743153
22.9194660255883
3.90099521861552
21.5607154035079
24.3260079693746
19.6059460397198
24.9091064680769
64.2617211434368
96.4938871643505
132.498968856765
159.837214987569
196.911210957925
243.960451399707
293.190973473355
303.126159272848
320.828349458728
352.801815262746
348.971939174866
363.553482143171
358.056981654038
224.25856196268
181.081412236754
277.712509129823
265.740430514047
334.505641682942
146.266142087699
268.346411776988
115.572924137524
63.6979820278047
83.7228676169357
16.4683178177649
44.783768347985
42.4216972646263
50.2960720358216
48.172667981703
52.9213864593181
31.2722052802036
19.236789196743
18.5596100179123
25.4443019734705
17.4139153492418
70.0258898070831
11.0137007540579
14.7094723109769
26.9129800794338
17.3646844487954
21.2742280362347
17.8824030127624
15.9871627198504
11.9401112739297
14.5310909112373
18.6729217073837
65.2282374978569
49.9977883031165
36.0767310360782
37.598763460443
60.6389923157923
53.2742163950463
58.8668141602366
76.9501528673638
88.1420188685266
94.8685737109138
104.21513002626
133.036302257836
184.54844742278
149.56073435618
206.573079582492
222.871475660607
251.92416137875
226.814431773957
242.010563496206
180.061671919926
205.663708252326
249.74670050078
180.727150914614
115.892608783422
89.1026120459781
40.7753785329107
54.9298228840398
36.9425546792167
12.3093009772085
26.1579809363102
28.1446736031641
42.1526839165288
16.5507982339644
27.4856165364292
23.7667300860805
5.4974857295099
26.2482633449054
23.0193143584347
27.1718582948019
17.9393890429136
31.4373568066509
5.02040606597307
10.413345298912
24.3312197731237
22.1042773091941
14.297257636132
28.0331429098598
12.9714227454191
24.3747279067111
16.4310846149939
40.1323393649435
44.1876941702647
38.6863714966393
69.8736477548513
78.0598441022527
63.7232374568244
63.5255374194541
108.629815819341
158.456307719811
185.741940726226
257.423529691783
271.35222110982
286.711051379439
258.007966418853
317.368703473714
302.566095576904
302.193732367271
306.61109025126
288.129826768961
248.950400327688
248.237845383606
231.405862652127
127.752353463252
112.369983242787
89.8992839596053
21.6079684139256
37.3908324488978
34.7642407903728
38.3571559860415
37.3573430852305
33.2802988073848
41.4301044007347
37.8704853566493
19.796484975007
32.1524041387812
23.1713417376924
12.6488335487196
49.0583598529049
38.7858162683138
45.039207723643
41.8926979531214
61.6740811500375
49.0727060961164
35.4585061046203
56.7638228806042
114.754590063187
95.4064974506292
44.483308296551
42.6016192055997
63.2052467571552
77.7447893521275
111.20976499157
197.945907552853
164.416849535147
161.934121487482
118.348843123172
186.179068135991
219.311503626129
245.87157142153
254.785666217229
248.018185707315
285.140280276515
298.619382216838
298.65802341292
307.013244039889
232.445096862371
142.762313550476
153.700605795007
131.529617327632
146.858517101314
21.5790894779381
35.5646931058086
12.9761064892015
10.4838396136606
41.0176665934447
3.6828836529337
7.3386631017078
9.79541592951671
27.5285207982318
26.3713273811053
17.3465355808232
25.2911189376211
-6.09215053732796
-4.79856779610675
14.1249243842948
6.11340652328753
20.6333024068909
-2.59031644507974
3.70928202956015
9.25205499121935
24.0796927530896
18.6009195739935
-1.28534811399291
35.9417809793832
18.4417140226934
23.3631720823487
56.2666747715874
45.4497558503713
61.078855359659
85.1227766435383
116.349855218155
147.023153588796
181.479158783634
208.556360138189
232.880359774997
255.350880199975
276.166200692214
283.307556401827
294.359460347476
291.122386923928
294.191187976805
304.013562968121
313.293799834885
317.914921847481
273.56012838154
264.172925789248
263.133052948678
241.878878427423
31.5856523028848
22.6843800232543
19.6504077572285
9.41624905383366
-1.53446003574021
42.3188145986274
31.0196000671798
12.2470212027275
43.4105118154627
39.067414343601
31.2883520521065
27.2689424267659
-2.00600027065426
28.6442295436252
31.7710054677323
18.7472751721455
20.1754685068819
30.2330580981372
32.6418491175936
30.9602160280218
17.7137240349133
21.6099314830509
-1.78732766839106
12.7293348374822
1.45964316624507
-0.983313300357867
39.1927603986858
53.6842012671701
76.3401645140307
102.600671798644
139.054367363311
172.958299997872
210.752247326559
235.617046759826
250.606937774051
272.369771259163
284.837322486298
297.103057227861
311.619335276208
317.954136295864
283.920661612075
290.661248232896
266.834100865997
280.875670436454
261.235693466379
258.909735008016
298.213597433589
271.118264098047
20.4068489773305
131.997056020549
124.79589483825
42.9748071069275
42.7902085009896
5.00397915625941
12.2931667570194
18.6131324272846
3.6737779647015
39.2087035131263
37.719496152115
43.1730034730388
37.6545423876675
35.1878546608714
21.5798660521369
17.0692414251099
30.5239135898962
32.694695885892
34.4783573199839
24.7394567097719
22.3714477667329
5.88104187537872
-8.78812112162308
17.0781215479392
42.0842714753938
18.2106514567319
28.1989332398901
57.3961064759567
79.763465137358
119.124012205363
151.488005166133
193.854984087315
222.832525672218
248.693099531867
266.229604489963
277.102043670958
261.43041405269
270.399866698863
290.936776653185
282.027863446605
275.068946962457
260.176203556972
253.454054486879
243.957464117136
237.443128059282
280.235962439539
265.60185096927
157.814117226011
63.7481246726841
280.782016448923
228.720697617033
171.004682304711
356.81517580203
58.305358114165
8.74356922984018
37.6510176828565
8.79220295306639
-7.0472837851966
4.62500545468663
11.7027486323939
36.2908786728142
35.7593478346314
22.9793410994465
20.1153652167778
4.45443343976562
6.59988175568331
12.189651150856
26.5821378714055
25.9085539291305
22.7322230823998
4.50257872048018
13.8263973616053
27.1676536471607
2.0143529445968
25.7976593170985
47.9862928461507
73.8521545254842
95.9765748715943
139.179465735387
173.260540815022
203.565730825636
228.149146171866
258.663448418841
279.171234633498
292.113765407624
271.931336504249
302.846845951781
300.236198752506
279.980067451253
272.185498145062
267.611576068578
344.270163092968
305.977187748863
292.968447346731
276.740663221522
240.174459800035
96.0022176148782
115.874087329647
107.258270342244
62.9526324038271
31.2022993489026
38.0827032241695
3.17193238387963
35.3924833267865
40.7478420942201
36.2033392101327
20.0368616402245
37.2702912638081
28.9287929255024
24.1369783436761
20.8584451811112
16.8749474673477
13.3292873489754
19.0745599965955
28.4479669049226
20.4918028665754
34.4020873232147
20.2793507233503
23.7428837739256
31.7322369891115
23.7705431799093
27.1259971731657
24.2395133826128
41.9654207633053
23.7677977257459
91.8377119174292
121.951915621473
160.187077063481
181.060869386025
213.554390802325
240.891731788771
241.513096601116
246.268031450662
250.247511316447
252.982360220134
241.955872846592
237.883862224225
238.604184554976
231.328978584566
242.760250362108
219.961946200277
222.778430352987
114.354108606778
155.052646700657
75.5983650582449
59.4731522627871
46.9102079451002
131.777851166172
29.1398225320338
3.68874549324458
15.3701264588758
6.94758068157113
15.1005470921445
4.92898797797817
12.5456278862856
3.54924004262451
16.4756309262056
6.62827177292295
12.0723241160081
45.1202528984383
28.3740385317368
32.5441154374005
4.72073179891259
18.7511129079766
34.7998106874179
14.4913139430698
5.60678409602283
16.6477136943765
28.746073459249
6.24609490875822
36.5924159664318
45.991523591339
55.6323695738535
69.7148251788237
79.2438436279294
218.795942453989
238.78243516875
181.717287496679
216.339117506004
185.231016209303
165.907384667778
170.714016840491
85.6835594396451
142.190235715886
174.713670014184
187.809069781879
147.793041035971
100.888839160012
94.4996784058728
60.4667830750588
84.078543758202
25.7751974734904
34.6707117443811
41.1018399899871
38.6655406790188
36.2959538777917
29.9150063345942
-0.551735071825004
25.6046981127603
22.4183712660805
21.2904854298707
6.55612720878417
4.4761403434571
17.6829438449301
14.8292022769823
9.56855609414375
18.4377243677796
15.4981309542542
13.2060038267308
18.4152636254888
12.8780675493551
3.44606103890154
25.4829287234642
11.7948448605908
8.30360246071648
14.7462442476145
1.33170928697812
-0.762998343278929
17.5840721396935
65.1729768716855
66.2615424780826
52.65285345169
86.4296873888052
131.058842746012
132.897750698098
159.276152578296
213.416581505501
232.000253444281
268.351340463458
278.910502361295
296.072566935281
288.792744532331
301.383527654333
316.207915857936
256.233032082964
289.480713144881
293.703401784274
273.921164275622
222.614393382603
223.693186528392
50.0390006012824
59.1135035285759
54.3927999805446
48.271007874465
51.8636117054271
43.3402624725251
35.8238251916789
39.7019360809455
31.6030054220625
27.3184419526197
23.6015912237251
25.7488009646124
19.0456344909723
20.4435594759139
12.357556900475
32.3075840613146
31.5356045471172
12.6517500820081
22.2253399852083
36.0100112087471
36.9668767981463
46.0539296754042
56.1408654518642
72.2870819470543
94.6888213965515
72.2342393389119
93.5125454970477
126.133023970676
92.5361744607521
106.127793401208
54.3173585875382
65.6358836109409
84.714175953791
117.678210717431
145.845038051913
199.968622436864
192.292871062951
238.598741845543
233.942049871473
291.193613991122
246.246624555517
304.193366152861
304.952131688717
185.007685805094
168.779568453782
431.086024203706
124.059784363582
144.539944771105
38.6211091183644
28.4627018102242
6.7258119067639
10.4875051141216
25.5102238664582
35.1821002690251
4.48191076836558
8.47511633582926
20.8235286898696
26.7345290451632
21.2019964462431
29.2400626055195
26.5945906981159
17.068733336161
31.6184738598433
24.8022489517721
28.8941652273758
20.2605516565254
25.6094463866866
26.1533888323059
19.4554018073623
13.266541678808
18.0561718164764
25.9691021176585
19.6071830230936
14.6067253937937
36.8495637466488
83.0813534180122
72.3266978748001
118.698908411062
143.744214128817
173.785392402365
207.721334582824
244.802069253171
270.391145215854
280.928490837747
296.350072618397
317.680542149001
283.324631562453
325.74096374167
333.383888628962
334.833505371561
336.289605866023
214.893805285578
173.650903304295
173.730961540925
205.226303529616
199.91858391197
51.0264214891851
32.804180505692
19.8764340304055
35.931905354039
22.6677259220902
31.286727525085
25.0326924685061
30.123430984921
17.3638771816489
24.5263685878006
19.5005977244262
42.710147710287
19.8047598287784
11.6019286443301
2.94250719238485
18.0611422130361
31.4680654583971
40.6164668023812
43.1221435907539
52.8272052695812
45.6243541522855
42.4163847701061
43.3984537331415
48.4790527198171
77.0997759152885
61.2291336243834
48.7775847131224
58.1097732243661
77.8296304405741
60.6481123060218
92.2656556527671
97.1623853400204
92.6605608970824
136.939266996182
161.39861665776
289.34624552412
250.903610102356
124.928618299614
171.987118077025
256.731470004349
298.072987359142
277.440238811253
292.562801944151
299.38930412871
287.471050217319
265.955011067215
260.847696061877
225.068983897268
28.2436419607748
57.5497776818863
60.7926390868371
22.3962317632079
43.9242051373403
48.1620235928247
24.5840369795102
36.4830332021715
28.9244310289588
44.5708131462553
38.3537640792596
17.3561509633112
26.7640764016522
28.0636247868589
20.2972394615252
17.7414708281761
25.5101940735131
12.1329559588955
11.0388896726281
23.4698307940596
35.8893745851916
16.3150644830496
1.99312231580458
17.5280658092591
-2.27874501436448
-2.27442506528601
29.9609788517026
41.1058545367251
72.1999303637739
104.747434780447
126.61513798884
136.03123956763
132.702605517172
177.683037447893
187.540396808586
166.533711148678
184.085718006366
240.977533365672
210.450132136952
114.180838963952
160.283778265889
228.864439680607
235.758938853677
186.9765203594
113.193699040464
120.558613584634
104.105204169805
184.284168881395
117.773370950474
51.2334320524075
44.6855473968854
31.2952581089288
44.91291333485
37.9526076285466
89.8094061927463
91.2880901292933
101.547308913549
92.577380549563
43.6205387908778
21.2296266061718
19.539259105596
20.5702654959816
18.5845299955431
13.5281965543336
17.8083965588417
23.1131329886309
28.290483973111
32.248057970954
12.9316839944818
19.9796006659205
20.4375044021003
4.20052948273558
-4.12734277027819
22.9451816866717
19.7120113376559
43.7576077319908
69.1754475583998
50.7711869598359
105.172406533501
237.137856679979
197.570235148266
241.81006325847
245.86553819552
241.644427261699
247.376518245245
275.021109197378
304.991733295026
264.809816950705
159.713486831481
191.548816952441
181.91516432404
211.495600817049
273.003339215911
253.596119039597
230.159082109412
210.465013190536
73.6752760571973
56.2532098520996
76.0212357563598
33.1123089512286
21.479060045001
5.57768908758071
9.66667268462042
18.1542950025145
-0.71569394637444
1.67218649311221
3.39289611915605
2.05691249390349
-1.83569534908228
-2.06435208760096
8.4475863656295
13.7123969600331
-0.131953309990122
22.1101869568847
60.6907254526797
14.6155024117355
2.96921185539567
8.85584903129731
-6.04578508660035
14.9724546725349
11.9630215075162
18.8688102781708
25.511110284742
36.4069912104024
70.2021761236233
95.5642224765076
124.826398791187
146.287987666789
191.149599750213
216.411240418115
236.917134212594
224.627938539564
247.721483750086
263.255966331081
316.96045022654
295.172002852288
319.055900331279
242.923967801597
110.748535602233
202.979643168971
177.382416625635
176.715697012226
133.255137363957
61.153075268745
310.205639119493
43.7985142727937
44.9796394309529
51.7939959939825
24.8781946366575
10.451047135444
8.34712750347073
-3.12951196823428
6.18277974209141
52.2397801290407
20.7293906232697
30.0733176317331
44.831601493909
46.9517992990303
0.698373330790742
50.3288585838473
32.0643499480672
50.8921814985825
16.7562044396124
12.397556263304
17.8467880439257
34.0356349156443
15.8356264733624
23.0511103372736
31.3439583362971
25.3949773985744
8.27757576180823
50.4725654458249
69.4253852919403
61.6430050379723
84.5563753646177
111.627424931415
134.51918558178
146.137042693233
223.519810087129
271.722490221036
280.559356199898
281.837931999438
267.930044734324
229.545377065294
276.09516221037
221.145088839411
85.2799534149418
112.561115101055
104.169204316368
67.4062760079072
54.6138002301441
61.231482851448
59.7658444555462
11.027968159048
35.8440202573036
66.4797388888906
68.855270535107
60.7346756329719
47.809144274273
58.8273641520443
52.6622182279339
47.0800439513608
19.8151887975405
31.5782741522534
35.5577316530524
41.048731946482
38.6504715213211
21.9236283362435
30.0547571035783
21.5229630161605
13.9264514504047
14.5723666151436
4.62666842721588
5.93210259746723
8.01826895443771
31.5392687732894
18.6680562304607
24.1757823877838
27.7466701220434
41.9825459126124
35.6004589791052
47.1970623633903
48.0831945707
41.3455443605997
51.7089623583553
57.0142164447885
71.1158979525203
118.436554192022
165.052802715887
182.744208568064
146.307861813618
237.823887372141
260.751245340377
248.148570961278
237.347355350883
216.719064559949
156.187122357459
162.880215374278
163.667004931037
197.297682088469
69.4300677613709
57.7509787454576
43.4959980580933
29.8887688526071
23.9283764620901
122.354235844543
45.8652964167796
67.2317173077152
22.2288286484057
32.3149635235162
20.5984228006716
54.4246086881983
21.6465230414837
4.56165875968469
7.89867027023932
8.36348297055638
20.8807367123893
17.3810324520045
31.3297838691335
10.1710620250374
26.6628762999672
8.98552016434989
54.5254096273041
19.2185989911219
19.4132549505105
-6.17886062810778
4.84060021641403
66.4294550188531
57.5547102905839
142.927856944065
237.1355130837
166.516506964029
134.483677324697
225.332087606863
245.478887154884
266.953208891144
300.565457570564
230.465129919655
310.427292025626
317.56222033589
276.816445718454
301.710038560723
263.932843002326
258.455326682775
291.656364019699
285.1345209393
282.406936270845
232.350584528311
51.5524585879284
67.1315574135423
59.8273918786233
79.8861954316815
47.3054628764323
20.5541540624833
22.5401409899059
75.2049209851939
154.873727020584
26.8424358913242
24.5818337759434
-0.679101451441263
-8.92792968138998
22.5662534026384
-5.32192902773515
4.8612094081734
20.1833173197564
15.7467849474839
30.5679249485148
20.7577015743399
35.1715644368162
17.2295385473176
17.1749066314607
-1.65344114192755
25.6588331875539
4.67902138067099
9.1473324451041
52.2705362892342
113.849571679792
173.496899552261
214.20749428893
156.047416255772
192.774897118337
217.787788984186
245.847922175585
264.260937302234
282.400709897851
299.230069013813
309.490426433206
327.095643780011
339.963202669868
306.684049394946
112.756255036232
83.5300546539737
67.4806099327248
272.119643139719
146.38471357285
121.829630840846
69.7291975259648
86.4114072590431
76.3332558193387
41.0515935314134
26.2053660355626
26.7724384550495
30.866066653677
29.3850453104788
5.60905680519632
29.0791328509056
21.4897830938151
8.98656947998245
14.3444195363647
3.56075789669668
5.57774455854814
9.06956325010441
2.25920969332346
-7.09489466084352
9.30514444758572
15.6126825190023
24.1120865376849
28.4664323011857
11.7859473769811
15.2953982584238
44.3056268719374
3.53683198630505
18.2773284997964
45.8706340534041
43.4538479251103
63.1798391483635
115.935362233669
148.854462866647
188.008138864968
217.793344125308
231.577466404161
258.99429298038
277.446788794356
300.599052696891
313.824622543796
322.011415964364
346.587288103345
341.572843555348
339.575125591967
293.855924259433
317.889526248461
157.722340778055
302.856056454482
267.037461272878
4.16257693809233
4.61084710848024
58.8256503490399
368.313061027694
72.6537877424506
41.6987687036249
33.5578069261632
28.8820737109493
6.07254828931681
13.6362018642495
-2.37907147526574
-5.25588346407288
2.39230254053633
-7.27302153868374
28.3189510727552
10.5717895095831
2.8247378179082
19.6676024261901
31.8277350371829
10.0180232147895
16.334454306028
30.6643979273112
9.99754414768698
30.0067775658939
27.4583847275999
35.7075097890662
19.1233901784056
59.273016476356
109.347379487671
172.067102268093
244.189153872794
149.68539898456
170.019799294311
266.635043614276
281.019398923672
285.643480755796
217.906636434273
220.98739085469
250.730075365112
341.908177595271
241.805378850643
159.0418214079
139.26690638747
145.818360871008
65.7487574639906
97.6442212140311
151.660095063424
121.984324735591
-3.72830022280493
55.2450143342875
23.5166551863132
2.32565153449662
7.90363204801844
38.7099965286135
45.9094209245189
17.6562419393421
76.3584163072482
17.6668940580761
3.6865646657461
0.460637169637558
17.9138184219682
22.5396407415123
-0.302303582442111
-5.19494655114888
10.8540970227957
-4.84299738348639
19.433923953381
6.75924078661262
10.4940623726529
1.52146160505126
21.4824143868811
17.100659945101
24.092884696213
51.1909930236866
32.0064998579694
88.5912889652173
127.222664932214
154.99324529752
151.612185982516
186.298930925564
207.365133932419
267.930209960011
292.465932462195
314.927799342309
297.386929807626
366.909326324361
362.957817968952
305.33632058793
361.89759138106
254.584167318006
199.783638771015
170.378185246011
132.914661908815
252.198018540907
295.101122945165
195.78349974954
54.0961673222581
37.7217901421593
51.0335305645794
31.096451485506
31.8377198760999
15.0350137004732
30.6930962548818
24.6479756558001
31.2179137869003
4.55761109431925
5.5715003120564
-1.17722762152597
-0.133757131965428
2.29934458476066
-9.40520442829461
32.1161866140786
30.7180341846478
32.8862028180085
22.7938642937413
-4.93294514497453
26.5052475278978
12.1741243830616
17.340742124961
5.88539873925843
23.5994669757266
12.0567109293851
2.0316877178549
44.0255474621034
71.419974955822
108.617862945709
116.346756071092
178.678538448075
158.927967919064
203.248763578044
259.266807147479
221.986096006652
237.277372833789
112.248289418144
66.0620488727246
98.7451535923141
182.769755521208
227.198701096145
177.206678746265
188.540642239577
145.250066884113
123.194220081733
74.3066347933513
31.898016602275
144.943441025662
97.5103146686126
75.9479084238176
59.8841301962422
48.9526466384826
50.0838794438486
41.5677828555
72.3651983903292
63.9992794839511
56.4972571772847
64.0427978548797
67.6775283808899
67.4220739778277
49.653836874516
10.7298663319532
21.8374020533029
18.8932064066137
25.7326851079183
15.0174748416912
43.5099403728461
26.053110776961
40.013352571356
24.622408282483
16.1651506542562
9.51990451238483
21.136804083148
18.5234338978831
21.0535096179364
27.0921874179862
29.8047170065497
51.8591495997684
62.5787912377055
100.166408441381
107.793523299257
100.518300622185
116.998888670745
171.308496307995
245.677539331814
161.803194712584
87.0270996455629
98.919495219296
142.604248485723
177.315882443831
167.277618772717
85.8510092426501
87.6038483312419
81.0535784653806
113.337461348007
41.7371775265181
35.0618084377706
36.2817493146457
35.2086946868184
12.908093981458
12.4850061572881
16.433110895981
20.06215963362
17.9589105774159
22.0926305149793
20.0963890119608
12.1411102746528
30.7611744056006
6.0610678696835
7.71607020276862
16.0564005261119
-6.1027100728049
15.2618275461823
-2.13575796180848
11.9555630040993
13.5532711366276
8.31856539013232
8.65445832961967
4.07272934482731
28.1448994272851
40.0943885045083
39.1746886039344
65.3004709328134
90.3528633724982
95.1941158939804
135.459478765056
200.164663894122
183.406430916963
243.750794376705
266.065232393332
262.567333945421
292.334579374643
232.113030463067
298.142345283843
305.439167167817
325.927401968004
342.617744923401
246.40593096175
119.442039252645
200.072713196104
126.91233647202
227.978089487399
203.127984700558
105.271089481921
69.3526012055305
58.3836141193172
55.322435152858
51.9823993637465
45.3931616080026
38.982417972484
27.0609521264612
23.5288783389305
-6.52756680551219
14.2967633013011
17.3130199057327
25.8166774092706
0.808095256639629
21.8305584207246
28.1616434801994
18.5648045666201
31.2008095816937
16.2372187677115
25.963078072012
26.9250287599724
16.3613986406078
8.74000640010482
21.5009938227774
13.8273620329372
25.6299499573283
23.7837792262038
44.1751686299612
70.8451419844026
99.8070960155446
134.001293445031
180.357685546362
204.231391009533
243.986642445518
273.280828181453
295.750505182464
318.762531222147
335.742559246722
339.162087103778
340.330780184066
369.395867215354
371.310668495175
362.822126401187
369.146087825739
289.481015231579
196.728861578784
124.653382379348
135.265518257449
209.250365580244
75.9191361837568
52.1282882519329
41.9591120734858
125.535164078573
100.935149126277
87.2451635392977
46.9964479082853
24.8171506100352
34.4949330204062
22.7125354041867
24.1544712191048
30.8500878056397
2.93023964943155
40.6725821363514
51.5524867650439
34.1423323541635
9.4287937049044
12.2243399916858
16.7046777938583
23.2284261430263
22.2450529644446
7.33428836094839
5.55553584892416
22.4199110032378
17.4752321659291
29.8236977682995
18.519521063114
23.837799548676
43.4009097480255
36.1878823822192
60.8335579690051
91.4623049087181
155.598870362943
142.595488830437
239.933596676571
151.738061167531
108.342297605566
84.7610275924034
65.1851579037575
41.9163519943696
70.752728505659
122.083478294217
130.653928600768
166.562032353816
171.333721946842
174.584464721879
235.627764230912
163.058611658631
57.86043670079
45.8905659280822
54.0728511670007
14.6392698372081
31.3476086403858
35.7872689374196
30.0568818084976
25.9242691632869
32.9817496320319
30.8319905375344
40.0493680609854
28.4563472849694
30.7949543986227
17.6146696017117
40.3576660710727
19.5169439355557
16.9425664508987
79.0913366304742
99.0967407052391
51.4101883041812
66.0684357638949
75.8060762710896
66.4432264394165
35.1757034722222
46.1698272647952
33.1977443183654
30.3023727107875
49.4137649633834
65.8575206744312
105.016543772722
100.562605108592
148.104031090888
125.797109909172
95.1168952874523
163.125867611786
226.458948093881
232.467008298796
207.171320314194
133.489702200517
155.600936629679
258.931301309922
263.774748064698
272.307360785788
147.261341955665
92.9474387580263
92.2044208537001
53.588114797371
120.355841761555
52.0164280265115
29.8844941625205
41.3464404879717
48.3856764334703
26.4482293168655
30.6208558978656
22.589112269336
23.6700919260357
25.670087947126
29.3135811034543
8.35476826584742
18.5963172748808
22.7034171022926
31.3915517449444
30.7850000857523
3.12362035244842
12.2881237072526
-9.02730494399898
6.35103321063248
0.810148980466612
11.5278932280376
1.86400139736695
-8.38481307826829
18.0925979054962
3.45696206999182
40.2957532826909
45.0871368388354
45.0298470177176
124.774498488022
170.565629758296
239.446636489669
145.477743575674
191.59996949379
221.576477186794
240.252076442697
253.309101654792
259.599037490088
266.729401329491
267.039397241456
244.045588111572
284.267765392528
270.613698098661
268.507515650423
272.705765974609
260.892629486035
238.739657027418
219.969791470264
195.825867359364
103.888934337736
69.6535158431968
42.1666913304348
26.3746138653886
22.8693021629785
9.9268408107831
29.8454820516796
24.5318518620097
17.5348163312839
3.38666827917637
3.81000124441372
-1.69890335126853
7.82111890455854
18.1528509348042
31.4136336030108
31.2599344915582
14.1609766286665
6.77706795865048
10.6595481793112
17.9292248314871
12.8550699738713
2.11298938132642
8.42603429307237
13.3153325949934
12.787193586326
17.5392519630811
35.8878151056987
56.2612699045746
52.0596461623963
84.9641017315394
111.355223699625
136.021283037948
167.088461193441
189.725976372872
213.46653284602
231.297830698254
239.354400905426
228.248856500703
234.984301832555
256.592005565687
244.55387445155
236.324767493271
199.925084615545
222.154576692184
237.748255538063
191.441958590878
199.469266793205
156.314060549266
74.584251971271
57.3009110390461
55.5322946804239
49.0140946648053
50.9261431235177
35.9557184895789
31.4078373959228
38.8580984299229
22.8625587860198
18.6716034732828
6.3076262252631
-5.34000958743903
-1.48161365333502
22.1847593161423
29.8143200146838
25.2039113909578
14.2033050643502
12.7577857565895
6.92718174124989
18.8607399225683
16.6420462326804
5.61961114588112
7.94851142474184
1.22420267825021
3.2137289562005
14.5423549485622
22.909837336053
23.7768089384809
34.2822231201478
53.6706825302447
84.5326284467759
108.443640992776
148.742852548548
157.121929512603
162.78338681837
148.541255511602
145.229717985633
174.052813083389
233.919677294003
214.382221099705
217.302456328004
230.898874441499
219.644052697567
155.709617010563
114.218749395925
99.5996724280652
80.0428828170796
69.8839371257108
62.314882301311
39.3327758806401
26.0204109935672
32.8534373206541
12.1636963208542
24.1749313670557
18.8298813841285
27.4287820851489
17.0488413073409
31.4012589835576
20.7354339339141
23.8168978797829
19.1011682592464
14.7796489847781
23.7296270593822
17.0164616664102
15.7802320425415
23.8816596843995
18.6339935424759
3.22646595207425
0.363245733583793
21.1241948810353
35.830732405878
31.6659150870379
14.872586358909
8.01815540888865
38.2324965758435
32.0382804161028
47.8583330627714
81.7754909719728
93.9336210798445
128.049561717045
170.169884745096
186.574249316858
212.430632484848
229.048435461338
246.904777564529
248.575674687204
262.811772108876
218.905209845992
263.300076903739
268.189476532389
235.309779602758
238.37823983855
81.8411858710996
202.021984510946
76.7455476706901
44.3480334841278
201.154167375588
53.5237611664455
82.4543715206269
52.9835769667296
58.594812078656
27.7775138912393
64.2763900441055
37.6726450245899
3.54283083971555
3.93043492809152
5.47397587082793
8.11581955158359
22.4613818189682
-0.234036371665873
14.2967704398579
-4.11100961769123
15.6345549330908
12.9508818583907
24.2609556230935
9.56264283609569
20.0873927560836
14.3511751053178
21.0810648466406
14.558790208531
13.0022595816503
23.045781792187
31.7120434182528
40.3966311458092
57.1846389974406
207.317354455904
100.734196478292
90.1450125763688
98.7292416116029
125.256965078806
138.876420409051
190.337784900333
214.548815572642
127.299429447184
459.871776754764
133.527278346306
202.405296562024
227.250317420948
247.199435906804
227.004778664266
138.431543839716
185.548765659165
108.690015365448
81.2950533533608
47.0958734148313
116.507087975091
87.5461139199378
27.3483029264329
10.5649954233399
3.26692943685549
26.8764563213054
31.8898363807884
2.19429380473272
3.90602750720538
61.4404963264254
-4.39401297150228
-9.49007420674336
3.93032338796269
29.3272900729626
44.2618117409977
24.1270297515518
29.6793442368323
21.4358482731581
10.1538749635367
21.1681035224598
21.9566269294132
-3.98937152330494
19.6834297968497
-1.28471536547289
41.8366508187304
42.608017886572
88.1569190362337
145.211105281653
213.502277211309
122.077026154151
147.431795837302
175.00706846605
206.931747974195
206.740602909875
244.111181732922
223.578383564371
233.34181159423
60.4789530367045
161.288342217199
128.230426063578
130.857502466903
216.307630685582
223.69167556732
226.328554582844
173.146816036225
137.823950269219
96.9484650228906
47.9556650061544
45.4698361311449
57.8253730019848
36.2287096795873
34.8339342388082
26.1769406563176
30.0998693905435
18.4949648613348
5.81557690863569
24.2791662396186
-1.36712108208697
19.8334018126677
1.43815103358653
8.16260609492528
24.940742872413
31.5519832571022
26.2807798387529
18.364852154845
28.4911922950082
15.6991778522636
11.3874752587559
29.5608633889126
21.5460216801201
23.4660807916525
22.8606668006152
14.0961890813396
11.9747887398219
18.2296774489368
32.6738979093331
43.7219795938947
58.9593703402233
90.225993261434
133.167154306967
170.51666336767
203.697634304479
235.984642136742
182.345298339112
235.54678153319
269.464968640481
277.364049023865
269.673110152536
271.458802594475
279.153024045874
206.697888510115
137.420638342099
208.895144793284
175.792521637034
156.991896606126
72.4362535349935
66.0452254451362
61.6882091303971
49.7469558523943
29.9321692980086
31.4129354887735
15.1816453773529
47.8740132591572
105.804742588638
104.809727140135
72.9852470247004
64.9399969614907
40.405907407241
40.5727175714797
-7.68204047586335
31.7374617086599
18.513846581447
24.670068359748
25.3266366884689
25.3110052995415
39.1625098676041
51.4429059988654
47.4851284166419
29.2017597317625
32.6290495987769
35.6436904058915
27.0652269184428
34.6972909684597
65.7644683629767
72.3399278480586
70.229460305489
84.0988740152302
191.150866202015
199.36209608417
173.722615194377
95.2615770472454
119.514613332861
132.71039119404
124.719761140289
117.565083177224
110.330234870864
107.927000350258
125.231356835179
133.89833513768
135.738502655223
178.678707051501
136.512141264604
71.722649691494
23.6313828836273
0.901286617296312
15.671172123502
10.5820622790059
9.39057240719523
-7.01296102811583
-5.47010873772927
-3.97574229857738
6.13090558193747
36.441953148701
16.5006843742346
19.0126567118119
27.0169166847269
19.0548090430154
15.2757364134845
29.776382495022
22.4980602347487
15.4052235592525
-0.721544829719131
12.7280009618184
10.0887919718768
1.89889864515399
15.4200368980931
11.2181763782972
11.18156226221
6.88594481284426
19.9377257098853
17.7339458054937
76.9545909145323
135.027759187948
184.588249048023
124.205213835187
179.339045267659
225.965818190261
238.198368851141
263.728445147738
280.557702906862
227.483314615461
434.849131187902
200.410716902894
151.296817628923
290.786993160878
219.692478666819
251.172707934324
200.933064645063
122.434035277771
133.338265939325
181.969963984947
81.783925287563
18.0453324334297
14.8151638713787
29.9690245394273
29.3473134093785
23.3272789907809
-13.4467884957653
14.2101601641331
5.92668319314438
-1.67837841623732
-8.49696667305816
